
Data taken from file : 
/raid3/Data/cdaweb.gsfc.nasa.gov/pub/data/wind/mfi/mfi_h0/1998/wi_h0_mfi_19980106_v05.cdf
     and               
/raid3/Data/cdaweb.gsfc.nasa.gov/pub/data/wind/swe/swe_h0/1998/wi_h0_swe_19980106_v02.cdf

The Alpha Particles were not considered in the number density

#TIMEDELAY
      0.00000

#START
 1998  1  6  1  6  3 781   -1.70    5.32   -2.51  -315.68     0.00     0.00     7.47     109732.9
 1998  1  6  1 12 39 201   -1.71    5.27   -3.01  -290.88     0.00     0.00     7.61     110800.7
 1998  1  6  1 14 38 119   -1.69    5.46   -2.72  -286.92     0.00     0.00     7.90     112953.4
 1998  1  6  1 16 42 472   -1.76    5.62   -2.62  -282.71     0.00     0.00     7.98     112455.6
 1998  1  6  1 20 31  41   -1.73    5.58   -2.61  -283.45     0.00     0.00     7.77     114721.5
 1998  1  6  1 21 14 138   -1.78    5.61   -2.49  -284.55     0.00     0.00     7.66     112910.7
 1998  1  6  1 22 45 800   -2.16    4.99   -2.84  -290.43     0.00     0.00     7.88     111852.2
 1998  1  6  1 23 21 868   -1.85    5.17   -3.41  -304.98     0.00     0.00     7.47     111423.5
 1998  1  6  1 26 38 224   -1.89    5.13   -3.42  -295.10     0.00     0.00     7.99     112069.7
 1998  1  6  1 30 12 890   -1.74    4.95   -3.52  -288.60     0.00     0.00     8.01     107538.5
 1998  1  6  1 32  6 122   -2.09    4.81   -3.72  -289.06     0.00     0.00     8.38     110042.7
 1998  1  6  1 32 58 230   -2.77    4.09   -4.40  -293.70     0.00     0.00     7.98     111864.6
 1998  1  6  1 37  5 887   -2.55    4.06   -4.74  -285.09     0.00     0.00     7.91     116239.7
 1998  1  6  1 39 50 726   -2.38    5.11   -3.62  -294.23     0.00     0.00     7.90     117790.8
 1998  1  6  1 44 29 319   -2.32    5.08   -3.75  -279.74     0.00     0.00     8.28     114010.3
 1998  1  6  1 48 31 867   -2.06    4.34   -4.93  -275.85     0.00     0.00     7.89     108828.4
 1998  1  6  1 48 39 745   -2.75    4.81   -4.67  -295.00     0.00     0.00     7.40     115500.3
 1998  1  6  1 49 30 812   -2.74    4.85   -4.70  -295.62     0.00     0.00     7.17     116491.9
 1998  1  6  1 50 16  24   -2.77    5.25   -4.18  -296.67     0.00     0.00     7.65     109100.3
 1998  1  6  1 54  3 989   -2.59    4.62   -4.69  -285.22     0.00     0.00     8.29     105246.0
 1998  1  6  1 55 19 173   -2.31    3.39   -5.70  -300.76     0.00     0.00     7.65     116409.8
 1998  1  6  1 57 46 393   -2.20    3.10   -5.68  -294.53     0.00     0.00     7.71     111985.2
 1998  1  6  2  0 21 624   -2.21    3.90   -5.25  -288.03     0.00     0.00     7.90     110357.7
 1998  1  6  2  0 21 678   -2.05    1.94   -5.97  -292.09     0.00     0.00     8.81     110766.2
 1998  1  6  2  0 24 974   -2.05    1.18   -5.93  -304.76     0.00     0.00     9.10     107225.7
 1998  1  6  2  6 52  15   -1.96    1.32   -5.88  -286.02     0.00     0.00     9.09     108115.5
 1998  1  6  2 10 25 557   -2.54    2.73   -5.81  -287.77     0.00     0.00     8.49     111032.0
 1998  1  6  2 11 40 554   -2.70    2.92   -5.94  -286.77     0.00     0.00     7.89     110245.5
 1998  1  6  2 13 56 761   -2.97    3.08   -5.43  -281.82     0.00     0.00     7.77     112904.2
 1998  1  6  2 22 31 843   -2.74    3.67   -5.16  -272.24     0.00     0.00     8.72     105525.7
 1998  1  6  2 25 12 115   -2.71    3.48   -5.35  -296.96     0.00     0.00     8.89     103070.3
 1998  1  6  2 29  1 548   -3.05    3.99   -5.00  -285.40     0.00     0.00     8.39     110787.3
 1998  1  6  2 33  3 653   -2.24    2.91   -5.99  -297.56     0.00     0.00     9.59      99003.3
 1998  1  6  2 33  5 328   -2.58    3.06   -4.89  -310.85     0.00     0.00    10.37      99881.2
 1998  1  6  2 38 49 205   -2.46    2.53   -5.09  -290.23     0.00     0.00    10.69      97010.3
 1998  1  6  2 40 22 583   -2.29    1.45   -5.50  -296.22     0.00     0.00    10.51     100671.5
 1998  1  6  2 40 32 295   -2.03    1.31   -4.87  -308.76     0.00     0.00    10.57      97083.5
 1998  1  6  2 42 47 246   -1.23   -1.62   -4.00  -307.62     0.00     0.00    12.06      98127.5
 1998  1  6  2 44  5 867   -1.16   -1.46   -3.79  -310.81     0.00     0.00    12.38      99770.7
 1998  1  6  2 46 41 892   -0.77   -0.83   -3.84  -303.52     0.00     0.00    12.90      94468.7
 1998  1  6  2 48 19 534   -0.74   -0.76   -4.15  -300.75     0.00     0.00    12.64      94859.3
 1998  1  6  2 48 52 411   -0.86   -1.07   -4.25  -302.74     0.00     0.00    12.11      97907.8
 1998  1  6  2 52 37 346   -0.86   -1.34   -4.36  -299.46     0.00     0.00    12.48      93670.0
 1998  1  6  2 55 33   1   -0.87   -1.61   -4.38  -291.33     0.00     0.00    12.18      94955.3
 1998  1  6  2 57 12 228   -0.65   -1.29   -4.19  -292.76     0.00     0.00    12.64      96181.2
 1998  1  6  2 58  6 947   -0.70   -2.12   -3.38  -301.67     0.00     0.00    12.72      92578.2
 1998  1  6  2 59 50 286   -0.72   -2.18   -3.17  -298.53     0.00     0.00    13.35      93793.0
 1998  1  6  3  1 31 496   -0.77   -2.22   -3.15  -304.29     0.00     0.00    12.78      91961.2
 1998  1  6  3  7 48 409   -0.81   -2.41   -3.15  -282.37     0.00     0.00    13.05      98597.8
 1998  1  6  3 10 13 484   -0.53   -2.74   -4.27  -296.88     0.00     0.00    11.53      96532.9
 1998  1  6  3 13 30 873   -0.71   -3.40   -4.82  -299.93     0.00     0.00    11.04      96481.3
 1998  1  6  3 17 27 264   -0.85   -3.58   -5.30  -300.20     0.00     0.00    10.77      98678.5
 1998  1  6  3 21 56 540   -0.69   -3.43   -5.30  -293.86     0.00     0.00    10.44     101440.9
 1998  1  6  3 24 29  65   -0.67   -3.39   -5.26  -287.56     0.00     0.00    10.16      95734.7
 1998  1  6  3 26 57 234   -0.80   -3.51   -5.01  -298.04     0.00     0.00    10.88      96706.2
 1998  1  6  3 29 17  90   -0.62   -3.43   -5.20  -292.44     0.00     0.00    10.60      97503.2
 1998  1  6  3 32  3 239   -0.55   -3.52   -5.13  -289.30     0.00     0.00    10.91      93541.9
 1998  1  6  3 32 23 990   -0.51   -3.53   -5.10  -291.96     0.00     0.00    11.28      93848.4
 1998  1  6  3 36  5 724   -0.18   -3.46   -5.17  -289.13     0.00     0.00    11.14     100305.9
 1998  1  6  3 36 50 184   -0.09   -3.47   -4.88  -294.31     0.00     0.00    11.32      94509.9
 1998  1  6  3 37  5 457   -0.17   -3.79   -4.75  -310.86     0.00     0.00    10.83      94095.4
 1998  1  6  3 38 31 317   -0.14   -3.90   -4.53  -308.86     0.00     0.00    11.27      95190.7
 1998  1  6  3 39 19 737   -0.22   -4.07   -4.84  -314.46     0.00     0.00    10.15     103550.7
 1998  1  6  3 40 39 711   -0.19   -4.09   -4.80  -312.88     0.00     0.00    10.63     100190.0
 1998  1  6  3 45 21 218   -0.25   -4.04   -4.66  -296.34     0.00     0.00    10.94      97106.5
 1998  1  6  3 49  0  79   -0.12   -3.53   -3.70  -302.19     0.00     0.00    11.78      92342.8
 1998  1  6  3 50  3 998   -0.10   -3.53   -3.51  -301.91     0.00     0.00    11.88     101353.9
 1998  1  6  3 52 35 948   -0.10   -3.62   -3.54  -299.58     0.00     0.00    11.63      92895.2
 1998  1  6  3 54 26 106   -0.08   -3.53   -3.63  -296.00     0.00     0.00    11.86      94997.2
 1998  1  6  3 54 58 342   -0.10   -3.62   -3.86  -297.97     0.00     0.00    11.74      92970.2
 1998  1  6  3 57 49 495   -0.17   -3.65   -4.22  -290.23     0.00     0.00    11.05      96376.9
 1998  1  6  3 58 39 104   -0.15   -3.47   -4.16  -295.09     0.00     0.00    11.80      95278.5
 1998  1  6  4  2  6 956   -0.05   -3.93   -3.93  -289.06     0.00     0.00    11.85      98140.2
 1998  1  6  4  2 13 137    0.04   -4.06   -3.85  -301.24     0.00     0.00    11.15      97235.1
 1998  1  6  4  2 46 853    0.14   -4.19   -3.70  -303.18     0.00     0.00    11.89      97473.8
 1998  1  6  4  4  8 455   -0.05   -3.78   -4.62  -306.04     0.00     0.00    11.43      92803.5
 1998  1  6  4  9 10 731    0.12   -4.13   -3.66  -288.80     0.00     0.00    12.27      93019.6
 1998  1  6  4 11 47 318    0.47   -5.18   -3.41  -294.52     0.00     0.00    11.41      92625.8
 1998  1  6  4 13 13 383    0.62   -5.27   -3.16  -296.91     0.00     0.00    11.19      94640.6
 1998  1  6  4 14 43 669    0.73   -5.60   -2.71  -299.03     0.00     0.00    10.50      98535.8
 1998  1  6  4 16 18 701    0.60   -5.60   -2.63  -300.84     0.00     0.00    10.35      99686.9
 1998  1  6  4 17 49 183    0.75   -5.68   -2.24  -298.64     0.00     0.00    10.86      94991.8
 1998  1  6  4 21 28 506    0.93   -5.26   -1.78  -291.67     0.00     0.00    11.48      97640.0
 1998  1  6  4 24 23 536    0.93   -5.39   -1.75  -284.00     0.00     0.00    11.39     100129.8
 1998  1  6  4 25  7 802    0.76   -6.38   -2.87  -293.10     0.00     0.00     9.58     100872.9
 1998  1  6  4 26 58 574    0.82   -6.64   -2.92  -293.74     0.00     0.00     9.31      98885.8
 1998  1  6  4 29 22 925    0.68   -6.44   -2.74  -300.54     0.00     0.00     9.53     100490.0
 1998  1  6  4 29 33  85    0.62   -6.42   -2.87  -304.21     0.00     0.00     9.41     101195.9
 1998  1  6  4 30 58 776    0.47   -6.42   -3.01  -302.31     0.00     0.00     9.61      96345.0
 1998  1  6  4 31 51  73    0.49   -6.52   -2.98  -302.87     0.00     0.00     9.28      95358.5
 1998  1  6  4 32  6 166    0.88   -6.50   -2.20  -310.83     0.00     0.00     9.29     103308.5
 1998  1  6  4 36 59 433    1.04   -6.41   -2.04  -297.91     0.00     0.00     9.43     103788.8
 1998  1  6  4 41 58 104    1.35   -6.54   -1.39  -285.67     0.00     0.00     9.32     105509.0
 1998  1  6  4 47  7 986    1.16   -6.58   -1.71  -289.00     0.00     0.00     9.72     106217.6
 1998  1  6  4 52  7 513    1.12   -6.61   -1.86  -289.04     0.00     0.00     9.29     101045.0
 1998  1  6  4 55 46  73    1.19   -6.60   -1.04  -290.49     0.00     0.00     9.29     100122.7
 1998  1  6  4 57 40 445    1.69   -6.26    0.32  -290.87     0.00     0.00     9.80      95885.8
 1998  1  6  5  1 27 267    1.54   -6.53   -0.46  -295.94     0.00     0.00     9.80     102889.4
 1998  1  6  5  3 43 720    1.79   -6.59   -1.11  -290.65     0.00     0.00     8.79     102531.0
 1998  1  6  5  6 17 433    1.29   -7.36   -0.49  -292.45     0.00     0.00     8.63     104303.2
 1998  1  6  5  8 10 481    0.69   -7.17   -1.51  -297.13     0.00     0.00     8.80     105742.0
 1998  1  6  5 10 22 599    0.53   -7.12   -1.43  -292.10     0.00     0.00     8.35     107174.1
 1998  1  6  5 11  4 443    0.73   -7.20   -1.36  -293.35     0.00     0.00     8.44     108063.8
 1998  1  6  5 15 17 502    0.90   -7.25   -2.20  -288.37     0.00     0.00     8.38     101458.3
 1998  1  6  5 16 46 752    1.53   -7.44    0.04  -303.21     0.00     0.00     7.55     107113.3
 1998  1  6  5 19  9 319    0.59   -7.47   -1.47  -301.55     0.00     0.00     7.66     111743.8
 1998  1  6  5 24 52 759    0.29   -7.50   -2.06  -282.14     0.00     0.00     7.51     111636.5
 1998  1  6  5 25 12 638    1.14   -7.59   -0.23  -296.99     0.00     0.00     7.86     110571.4
 1998  1  6  5 25 30  77    0.98   -7.53   -0.51  -300.04     0.00     0.00     7.19     111601.2
 1998  1  6  5 26 34 918    0.16   -6.02   -1.24  -313.30     0.00     0.00     8.87     107851.7
 1998  1  6  5 28 44 652    0.19   -5.55   -2.64  -307.88     0.00     0.00     8.94     106837.5
 1998  1  6  5 30 56 401    0.00   -4.97   -3.26  -302.50     0.00     0.00     9.69     108474.3
 1998  1  6  5 31 38 240   -1.58   -3.97   -4.93  -308.37     0.00     0.00     8.93     111577.7
 1998  1  6  5 32 14 905   -1.57   -2.85   -5.90  -314.89     0.00     0.00     8.99     116267.6
 1998  1  6  5 39  1 156   -2.01   -1.95   -6.15  -293.59     0.00     0.00     8.83     108253.1
 1998  1  6  5 44 35 860   -1.99   -1.76   -6.17  -275.69     0.00     0.00     9.47     120142.9
 1998  1  6  5 45 44 553    1.40   -2.97   -3.43  -286.58     0.00     0.00     8.92     108098.8
 1998  1  6  5 47 33 612    3.39   -3.40   -1.74  -283.38     0.00     0.00     8.82     109083.1
 1998  1  6  5 49 14 374   -1.64    0.38   -5.71  -292.67     0.00     0.00     8.48     108575.5
 1998  1  6  5 52  8 253   -0.97   -3.87   -4.59  -297.31     0.00     0.00     8.19     113539.8
 1998  1  6  5 56 28 630   -1.51   -3.49   -5.12  -287.64     0.00     0.00     7.96     110836.7
 1998  1  6  5 58 47 879   -1.02   -3.70   -5.51  -294.52     0.00     0.00     7.98     108136.1
 1998  1  6  6  1  7 264    0.71   -2.21   -5.01  -297.38     0.00     0.00     8.84     109515.5
 1998  1  6  6  2 11 115   -0.71   -2.64   -4.93  -297.11     0.00     0.00     8.64     108307.3
 1998  1  6  6  2 58 720    0.31   -2.34   -4.75  -306.82     0.00     0.00     8.75     111784.3
 1998  1  6  6  7  3  72    0.69   -1.51   -5.33  -293.46     0.00     0.00     8.98     109019.5
 1998  1  6  6  7 26 848    0.49   -1.08   -5.26  -304.71     0.00     0.00     9.45     110199.7
 1998  1  6  6 10 14 249   -0.62   -2.36   -5.19  -296.89     0.00     0.00     8.62     107009.9
 1998  1  6  6 11 29 764   -0.62   -2.44   -5.17  -295.79     0.00     0.00     8.80     107707.8
 1998  1  6  6 15 46 749   -3.66   -3.00   -0.68  -286.45     0.00     0.00     9.34     108374.2
 1998  1  6  6 17  6 938   -2.37   -2.87   -3.44  -293.20     0.00     0.00     9.35     108325.4
 1998  1  6  6 21 59 612    0.43   -1.66   -3.96  -297.93     0.00     0.00     9.02     110148.4
 1998  1  6  6 22  4 747    0.47   -1.62   -3.86  -301.91     0.00     0.00     9.50     110668.1
 1998  1  6  6 27 55 642    0.67   -1.85   -3.64  -285.87     0.00     0.00     9.19     107190.7
 1998  1  6  6 28  7 584    0.17   -2.51   -3.97  -310.76     0.00     0.00     9.12     108070.2
 1998  1  6  6 31 51 675    0.55   -2.96   -2.81  -302.87     0.00     0.00     9.72     110543.1
 1998  1  6  6 38 22  55   -0.47   -2.71   -3.78  -288.10     0.00     0.00     9.04     109787.5
 1998  1  6  6 42 10 146   -0.74   -2.18   -3.90  -284.92     0.00     0.00     9.28     109528.1
 1998  1  6  6 47 34 156   -2.39   -2.50   -3.24  -287.29     0.00     0.00     8.98     110317.5
 1998  1  6  6 49 55 802   -1.70   -3.09   -3.56  -289.87     0.00     0.00     9.20     110777.5
 1998  1  6  6 51 33 490   -1.34   -3.11   -4.00  -295.54     0.00     0.00     9.50     107462.0
 1998  1  6  6 52 43 222   -1.24   -3.85   -3.41  -303.51     0.00     0.00     8.96     105166.1
 1998  1  6  6 53 38 907   -1.20   -3.80   -3.50  -303.83     0.00     0.00     9.08     112128.8
 1998  1  6  6 57 34 530   -1.41   -3.90   -3.35  -291.32     0.00     0.00     8.81     108542.7
 1998  1  6  6 57 34 690   -1.28   -4.58   -3.14  -304.14     0.00     0.00     8.41     113360.1
 1998  1  6  6 58 49 890   -1.14   -4.74   -2.72  -307.52     0.00     0.00     8.94     108897.8
 1998  1  6  7  6  8 968   -0.94   -4.97   -2.23  -281.14     0.00     0.00     8.74     105862.3
 1998  1  6  7  6 45 558   -2.21   -2.96   -3.66  -294.70     0.00     0.00     8.49     111614.4
 1998  1  6  7  9 14 853   -2.10   -4.67   -2.70  -292.67     0.00     0.00     8.37     109740.4
 1998  1  6  7 14 38 640   -0.30   -5.39   -2.01  -287.01     0.00     0.00     8.28     109696.5
 1998  1  6  7 15 26 118   -1.29   -5.39   -2.35  -296.07     0.00     0.00     8.69     109702.4
 1998  1  6  7 16 27 757   -0.54   -5.63   -1.58  -300.25     0.00     0.00     8.81     109400.8
 1998  1  6  7 18 27 366   -0.57   -5.75   -1.06  -295.98     0.00     0.00     8.55     121227.8
 1998  1  6  7 18 39 615    0.15   -5.73   -0.09  -308.31     0.00     0.00     8.92     111271.8
 1998  1  6  7 19 12 962   -0.10   -5.90   -0.48  -310.36     0.00     0.00     8.69     109121.8
 1998  1  6  7 20  1 239   -0.27   -5.92   -0.79  -311.27     0.00     0.00     8.90     110776.3
 1998  1  6  7 20 15 999   -0.24   -6.01   -0.86  -319.70     0.00     0.00     8.92     112775.6
 1998  1  6  7 23 48 288   -0.23   -6.16   -0.79  -307.65     0.00     0.00     8.25     111865.2
 1998  1  6  7 25  3 942   -0.10   -6.22   -0.81  -306.46     0.00     0.00     8.67     110689.9
 1998  1  6  7 32 23 511    0.04   -6.07   -0.50  -284.07     0.00     0.00     8.77     111603.1
 1998  1  6  7 34 31 383    0.33   -5.87   -0.36  -283.56     0.00     0.00     9.23     109657.0
 1998  1  6  7 35  6 540   -2.85   -4.74    2.91  -301.80     0.00     0.00     8.75     108025.1
 1998  1  6  7 37 42 506   -2.64   -4.58    3.32  -294.93     0.00     0.00     8.50     108034.7
 1998  1  6  7 40  2 378   -2.44   -3.69    4.38  -289.44     0.00     0.00     8.46     115843.2
 1998  1  6  7 45  7 922   -1.45   -4.55    3.54  -297.37     0.00     0.00     8.42     107043.9
 1998  1  6  7 46 42 656   -1.52   -4.48    3.56  -294.92     0.00     0.00     8.25     111501.2
 1998  1  6  7 47 15 805   -1.72   -3.98    3.73  -296.81     0.00     0.00     8.23     110010.2
 1998  1  6  7 51 22 749   -1.97   -4.07    3.67  -292.14     0.00     0.00     8.29     111593.8
 1998  1  6  7 52 44 407   -2.08   -4.07    3.66  -294.80     0.00     0.00     8.61     110706.0
 1998  1  6  7 56 35 394   -2.05   -2.99    4.16  -295.43     0.00     0.00     8.59     112598.0
 1998  1  6  8  1 10 166   -2.53   -2.06    4.58  -284.95     0.00     0.00     8.72     107953.6
 1998  1  6  8  3 29 797   -1.01   -3.74    4.19  -295.83     0.00     0.00     8.10     113149.8
 1998  1  6  8  6 53 121   -0.60   -2.50    4.51  -294.20     0.00     0.00     8.31     111118.9
 1998  1  6  8 12  0 439   -0.58   -1.46    4.18  -289.58     0.00     0.00     8.83     106606.9
 1998  1  6  8 12 51 567   -0.65   -3.93   -2.36  -294.31     0.00     0.00     8.80     107721.1
 1998  1  6  8 13  0 666   -0.55   -3.90   -2.28  -302.25     0.00     0.00     8.74     112772.3
 1998  1  6  8 14 22 553   -0.61   -4.20   -0.99  -300.65     0.00     0.00     9.03     109069.0
 1998  1  6  8 14 40 664   -0.44   -4.15   -0.73  -303.73     0.00     0.00     9.28     108146.0
 1998  1  6  8 18 25 989    0.20   -4.34   -1.34  -291.93     0.00     0.00     8.35     105818.0
 1998  1  6  8 19 51 973    0.15   -4.31   -0.92  -290.16     0.00     0.00     8.90     109176.6
 1998  1  6  8 21  3 737   -0.31   -4.38   -0.29  -289.36     0.00     0.00     8.71     114254.9
 1998  1  6  8 21  4 767    0.43   -2.75    3.26  -306.42     0.00     0.00     8.74     117697.1
 1998  1  6  8 21 49 623    0.12   -2.38    3.72  -307.57     0.00     0.00     8.95     113241.4
 1998  1  6  8 25  5 852    0.02   -2.25    3.56  -297.53     0.00     0.00     8.44     109476.1
 1998  1  6  8 27 57 894    0.01   -2.48    3.40  -289.76     0.00     0.00     9.06     112310.8
 1998  1  6  8 28 45 722   -0.06   -2.64    3.62  -303.36     0.00     0.00     8.28     111550.8
 1998  1  6  8 28 56   5   -0.18   -2.88    3.20  -311.71     0.00     0.00     8.36     110096.7
 1998  1  6  8 30 38 976    0.28   -1.77    3.93  -308.38     0.00     0.00     8.19     109870.3
 1998  1  6  8 34 42  31    0.29   -1.42    4.35  -299.24     0.00     0.00     8.59     109894.1
 1998  1  6  8 38 19 220    0.21   -2.02    4.16  -296.59     0.00     0.00     7.94     111406.5
 1998  1  6  8 43 31 823    0.08   -2.21    4.08  -279.72     0.00     0.00     8.26     109930.4
 1998  1  6  8 46  3 847   -0.55   -3.20    1.92  -302.03     0.00     0.00     8.98     105786.2
 1998  1  6  8 47 15 622   -0.49   -3.34    1.86  -301.16     0.00     0.00     8.12     110859.8
 1998  1  6  8 51 56  89   -0.22   -3.20    2.03  -285.89     0.00     0.00     8.31     108380.9
 1998  1  6  8 54 54 826   -1.21   -3.30   -0.52  -298.33     0.00     0.00     8.45     110734.8
 1998  1  6  8 57 22 341   -1.03   -3.31   -0.43  -296.38     0.00     0.00     8.90     107038.9
 1998  1  6  9  1 44 388   -1.20   -3.18   -0.86  -282.75     0.00     0.00     8.85     108060.9
 1998  1  6  9  2 54 491   -2.30   -2.37   -1.91  -307.21     0.00     0.00     8.59     112740.4
 1998  1  6  9  7 30 307   -2.00   -2.45   -1.72  -291.65     0.00     0.00     8.49     117462.1
 1998  1  6  9 11 19 400   -0.64   -3.89    0.61  -300.90     0.00     0.00     8.37     109597.6
 1998  1  6  9 13 48 301   -0.97   -3.85   -0.36  -298.81     0.00     0.00     8.67     110870.0
 1998  1  6  9 13 51 741   -1.33   -3.64   -0.29  -312.06     0.00     0.00     8.63     110644.9
 1998  1  6  9 13 58 852   -1.14   -3.70   -0.05  -316.26     0.00     0.00     8.18     110702.0
 1998  1  6  9 14 16 627   -1.01   -3.89   -0.38  -324.71     0.00     0.00     8.38     115865.6
 1998  1  6  9 17  9 945   -1.13   -3.57   -0.53  -315.37     0.00     0.00     8.51     107963.6
 1998  1  6  9 18 20 965   -0.11   -3.51   -0.26  -314.49     0.00     0.00     8.31     116305.7
 1998  1  6  9 20  0 672   -0.04   -3.50    0.11  -311.36     0.00     0.00     8.15     110527.8
 1998  1  6  9 20 19 676   -0.04   -3.68    0.16  -314.59     0.00     0.00     8.33     110188.4
 1998  1  6  9 27 22 995    0.28   -3.93    0.31  -288.09     0.00     0.00     8.32     112706.3
 1998  1  6  9 31 29 814    0.19   -4.07    0.33  -291.69     0.00     0.00     8.64     111187.2
 1998  1  6  9 34 28 379    0.20   -4.26   -0.02  -287.74     0.00     0.00     8.15     111832.9
 1998  1  6  9 34 58 149   -0.27   -3.94   -1.46  -298.11     0.00     0.00     8.44     109511.8
 1998  1  6  9 35  3 143   -0.27   -4.25   -0.22  -306.57     0.00     0.00     8.19     112608.1
 1998  1  6  9 35  3 276   -0.47   -4.21   -0.16  -311.16     0.00     0.00     8.66     109028.3
 1998  1  6  9 37  6 917   -0.60   -3.93   -1.18  -306.28     0.00     0.00     8.71     105955.2
 1998  1  6  9 40 40 960   -0.69   -4.16   -0.63  -303.74     0.00     0.00     7.89     105291.2
 1998  1  6  9 43 13 952   -0.91   -4.25   -0.71  -296.99     0.00     0.00     8.13     110291.0
 1998  1  6  9 49  6 776   -0.82   -4.43   -0.75  -277.56     0.00     0.00     8.23     109971.8
 1998  1  6  9 52  5 819   -1.15   -4.24   -1.27  -285.27     0.00     0.00     8.65     110728.5
 1998  1  6  9 53 19 159   -0.73   -4.16   -0.86  -305.37     0.00     0.00     8.59     109159.7
 1998  1  6  9 56 36 431   -1.33   -4.19   -0.71  -299.68     0.00     0.00     8.31     112087.0
 1998  1  6  9 58 29 569   -0.43   -4.01   -1.43  -304.59     0.00     0.00     8.39     116232.6
 1998  1  6 10  2 20 591    0.60   -2.76   -4.11  -296.52     0.00     0.00     8.17     109582.5
 1998  1  6 10  3 39 102    1.51   -2.05   -4.08  -299.49     0.00     0.00     8.24     109116.6
 1998  1  6 10  5  0 515    1.00   -1.39   -4.66  -297.95     0.00     0.00     8.08     110851.4
 1998  1  6 10  5  8 418    0.63   -0.96   -4.68  -301.72     0.00     0.00     8.53     111406.5
 1998  1  6 10 10  7 679    0.74   -1.26   -3.99  -285.15     0.00     0.00     8.66     120515.6
 1998  1  6 10 10  8 538    1.13   -2.63   -3.27  -297.38     0.00     0.00     8.10     112674.0
 1998  1  6 10 14 59  32    1.16   -4.40   -1.52  -285.72     0.00     0.00     8.03     112291.3
 1998  1  6 10 17 47 450    1.20   -5.17   -1.62  -290.51     0.00     0.00     7.17     117938.8
 1998  1  6 10 18 41  29   -0.15   -4.88   -2.96  -295.09     0.00     0.00     7.60     117969.9
 1998  1  6 10 21 41 822    0.59   -4.73   -0.88  -299.30     0.00     0.00     8.44     110995.4
 1998  1  6 10 24 56 194    0.66   -4.70   -0.56  -289.92     0.00     0.00     7.94     111662.2
 1998  1  6 10 28 17  76    0.88   -4.84   -1.33  -288.51     0.00     0.00     7.72     115938.3
 1998  1  6 10 33  1  17    1.10   -4.88   -0.88  -297.92     0.00     0.00     7.84     113489.1
 1998  1  6 10 34 25 966    1.56   -4.72   -0.84  -296.15     0.00     0.00     7.76     113693.7
 1998  1  6 10 40 47 473    1.91   -4.53   -0.62  -275.08     0.00     0.00     7.61     137197.2
 1998  1  6 10 41 28 493    2.50   -3.74    0.66  -283.81     0.00     0.00     8.11     113984.2
 1998  1  6 10 42 16 474    2.13   -4.24    0.00  -284.59     0.00     0.00     7.80     112467.3
 1998  1  6 10 42 58 217    2.00   -4.19    0.13  -289.78     0.00     0.00     8.31     109368.6
 1998  1  6 10 45 50   3    2.97   -3.39    0.95  -290.34     0.00     0.00     8.17     114265.6
 1998  1  6 10 49 34 648    2.32   -4.16    0.17  -279.59     0.00     0.00     7.46     116610.2
 1998  1  6 10 52  4 948   -0.69   -5.77   -0.97  -277.69     0.00     0.00     7.02     116649.6
 1998  1  6 10 52 37 519    0.53   -5.48    0.32  -295.35     0.00     0.00     7.61     114248.1
 1998  1  6 10 53  0 686    1.33   -5.39    0.84  -302.30     0.00     0.00     7.37     118248.0
 1998  1  6 10 53 56 966    1.40   -5.41    0.65  -302.58     0.00     0.00     6.90     132559.9
 1998  1  6 11  2 36 452    0.61   -5.67    0.29  -272.13     0.00     0.00     7.23     124130.6
 1998  1  6 11  3 56 211   -1.84   -5.58   -0.70  -294.04     0.00     0.00     7.13     126146.5
 1998  1  6 11  4 58 893   -0.81   -5.61    0.47  -306.92     0.00     0.00     6.85     120876.1
 1998  1  6 11  7 33 901    0.14   -5.69    0.07  -304.29     0.00     0.00     6.74     118190.5
 1998  1  6 11 11 35 578    1.10   -5.60    0.25  -291.33     0.00     0.00     6.92     120389.5
 1998  1  6 11 16  9 870    1.08   -5.75    0.38  -277.40     0.00     0.00     7.60     113187.2
 1998  1  6 11 18 52 328    0.75   -5.76   -0.07  -294.32     0.00     0.00     6.86     126718.1
 1998  1  6 11 20 39 285    0.84   -5.70   -0.09  -291.08     0.00     0.00     6.87     118055.2
 1998  1  6 11 29 53 650    0.62   -5.83    0.28  -264.20     0.00     0.00     6.40     129425.7
 1998  1  6 11 30 10 487    0.62   -5.71    0.71  -293.06     0.00     0.00     6.74     121484.6
 1998  1  6 11 32 51 101   -0.58   -5.73    0.72  -298.66     0.00     0.00     6.91     120173.5
 1998  1  6 11 36 13 732    0.06   -5.74    0.97  -288.76     0.00     0.00     7.03     120757.3
 1998  1  6 11 38 25 568   -0.03   -5.47    0.97  -300.50     0.00     0.00     6.54     120216.5
 1998  1  6 11 41  0  75   -0.67   -5.94   -0.18  -298.02     0.00     0.00     6.08     127313.6
 1998  1  6 11 41  4 153   -2.11   -5.26   -1.70  -306.54     0.00     0.00     6.89     126943.1
 1998  1  6 11 44 29 606    0.20   -5.20    2.12  -300.21     0.00     0.00     6.70     122499.9
 1998  1  6 11 45 32  74    0.48   -5.06    2.17  -300.03     0.00     0.00     6.45     119503.4
 1998  1  6 11 51 48 265    0.50   -5.13    2.09  -278.75     0.00     0.00     6.81     119389.4
 1998  1  6 11 59 54 164   -0.35   -5.75    0.81  -274.70     0.00     0.00     6.70     121345.2
 1998  1  6 12  2 36 116   -0.44   -5.44    2.04  -287.27     0.00     0.00     6.57     128677.6
 1998  1  6 12  5 22 150   -0.85   -5.67    0.11  -296.46     0.00     0.00     6.99     123692.0
 1998  1  6 12  8 11 863   -0.69   -5.64   -0.27  -292.98     0.00     0.00     6.77     135951.9
 1998  1  6 12 10 56 256   -0.28   -5.66    0.18  -289.95     0.00     0.00     6.57     127119.2
 1998  1  6 12 11 48 806   -0.27   -5.64    0.17  -298.83     0.00     0.00     6.72     123075.8
 1998  1  6 12 14 15 438   -0.46   -5.60   -0.04  -296.93     0.00     0.00     6.61     123339.1
 1998  1  6 12 17  6 548   -0.78   -5.68    0.10  -289.26     0.00     0.00     6.51     123410.5
 1998  1  6 12 28 57 578   -0.41   -5.75   -0.21  -267.41     0.00     0.00     6.93     132882.9
 1998  1  6 12 31 40  73   -0.41   -5.49   -1.35  -287.02     0.00     0.00     6.75     128686.6
 1998  1  6 12 33 58 206    0.34   -5.27   -0.30  -293.94     0.00     0.00     7.04     125045.2
 1998  1  6 12 37 22 947    0.42   -5.50   -0.43  -300.71     0.00     0.00     6.51     131899.3
 1998  1  6 12 38 45 749    0.22   -5.69   -0.45  -299.06     0.00     0.00     6.80     127216.4
 1998  1  6 12 41 56  76   -0.49   -5.64   -0.10  -298.32     0.00     0.00     6.88     124473.1
 1998  1  6 12 45  7 349   -0.00   -5.57   -0.53  -289.21     0.00     0.00     6.81     129583.3
 1998  1  6 12 45  8 415   -0.62   -5.67    0.14  -310.84     0.00     0.00     6.76     129704.9
 1998  1  6 12 45 28 525    0.26   -5.89    0.44  -318.80     0.00     0.00     6.66     125441.3
 1998  1  6 12 48 46 464    0.29   -5.85    0.65  -307.91     0.00     0.00     6.45     131627.3
 1998  1  6 12 53 52  59    0.73   -5.86   -0.02  -290.25     0.00     0.00     6.61     130684.7
 1998  1  6 13  0  9 644    0.83   -5.96   -0.43  -285.08     0.00     0.00     6.32     127874.6
 1998  1  6 13  0 24 502    0.23   -5.86   -0.27  -300.61     0.00     0.00     6.49     128060.5
 1998  1  6 13  3 22 916    0.23   -5.89   -0.15  -292.24     0.00     0.00     6.63     126668.7
 1998  1  6 13 10  4 511   -0.08   -5.90    0.20  -270.51     0.00     0.00     6.93     131564.1
 1998  1  6 13 12 36 291   -0.23   -5.93   -0.14  -283.36     0.00     0.00     6.51     128062.6
 1998  1  6 13 18 36  13   -0.59   -5.80    1.47  -275.83     0.00     0.00     6.08     125757.3
 1998  1  6 13 18 40 281   -0.63   -5.81    0.94  -299.47     0.00     0.00     6.40     135535.1
 1998  1  6 13 26 21 762   -0.46   -5.90    0.04  -280.45     0.00     0.00     6.64     144805.8
 1998  1  6 13 33 33  83   -1.76   -5.68    0.69  -287.51     0.00     0.00     6.16     126133.8
 1998  1  6 13 37 53 543   -1.75   -5.61    0.97  -286.15     0.00     0.00     6.10     130461.3
 1998  1  6 13 42 22 723   -1.41   -5.62    1.53  -296.45     0.00     0.00     6.56     130437.0
 1998  1  6 13 43  3 686   -1.78   -5.32    2.17  -302.15     0.00     0.00     6.42     132776.8
 1998  1  6 13 44 58 787   -1.42   -5.67    2.05  -298.15     0.00     0.00     6.50     132592.5
 1998  1  6 13 47  8 713   -0.98   -6.15    1.44  -301.78     0.00     0.00     6.58     139528.6
 1998  1  6 13 48 15 116   -1.07   -6.09    1.56  -301.31     0.00     0.00     6.49     130241.3
 1998  1  6 13 54 35 785   -1.33   -6.20    0.97  -291.38     0.00     0.00     6.78     133063.6
 1998  1  6 13 57 51 893   -1.94   -6.19    1.27  -294.41     0.00     0.00     6.17     128305.1
 1998  1  6 13 59 51 781   -2.00   -6.02    1.92  -294.42     0.00     0.00     6.25     131830.3
 1998  1  6 14  0  3  89   -1.62   -5.67    2.05  -297.85     0.00     0.00     5.94     137931.7
 1998  1  6 14  2 47 676   -1.17   -4.00    3.55  -294.70     0.00     0.00     6.13     157328.3
 1998  1  6 14  2 53 633   -0.77   -5.54    2.19  -316.79     0.00     0.00     5.75     159259.3
 1998  1  6 14  8 59 211   -0.71   -5.74    2.33  -293.90     0.00     0.00     5.79     146315.2
 1998  1  6 14 10 59  73   -1.01   -6.06    1.64  -293.91     0.00     0.00     6.20     149621.8
 1998  1  6 14 13  9 590   -1.28   -6.18    1.19  -297.39     0.00     0.00     6.32     133493.9
 1998  1  6 14 16 41 486   -1.30   -6.24    1.20  -290.99     0.00     0.00     6.35     134005.8
 1998  1  6 14 21 36 995   -1.36   -6.11    1.43  -283.33     0.00     0.00     5.92     136302.2
 1998  1  6 14 22 39 619   -0.57   -6.52    0.73  -303.94     0.00     0.00     6.66     128753.2
 1998  1  6 14 25 32 262   -0.76   -6.47    0.58  -295.79     0.00     0.00     6.55     131490.2
 1998  1  6 14 26 55 688    0.19   -6.62   -0.40  -307.24     0.00     0.00     6.97     133335.6
 1998  1  6 14 28 28 118   -0.45   -6.81   -0.93  -314.04     0.00     0.00     6.87     138504.2
 1998  1  6 14 31 24 878    0.76   -6.86   -1.13  -309.60     0.00     0.00     7.08     137467.5
 1998  1  6 14 34  7 662    1.10   -1.44   -7.86  -359.50     0.00     0.00    14.78     168448.8
 1998  1  6 14 37  8 830    3.29    7.85   -7.10  -347.33     0.00     0.00    14.13     169107.6
 1998  1  6 14 39  3 914    3.52    7.41   -7.54  -342.06     0.00     0.00    13.12     177719.2
 1998  1  6 14 40 31 736   -0.77   -8.95   -5.10  -357.02     0.00     0.00    14.51     167259.2
 1998  1  6 14 40 41 400   -0.80   -9.38   -7.17  -362.25     0.00     0.00    13.74     170281.4
 1998  1  6 14 44 27 490   -0.64  -10.09   -7.33  -345.53     0.00     0.00    13.51     161852.3
 1998  1  6 14 45 41 424   -0.32   -8.90   -5.86  -356.03     0.00     0.00    14.24     158235.5
 1998  1  6 14 45 54 572    0.09   -9.29   -4.41  -360.87     0.00     0.00    14.21     163039.6
 1998  1  6 14 46 43 801   -0.88   -8.12   -5.86  -362.00     0.00     0.00    13.72     159308.2
 1998  1  6 14 49  0 694   -1.06   -7.94   -7.64  -354.07     0.00     0.00    14.33     159560.8
 1998  1  6 14 53 57 681    0.48    2.05   -4.13  -342.66     0.00     0.00    15.39     154125.0
 1998  1  6 14 58 21 410    3.67   -2.27   -2.91  -334.93     0.00     0.00    15.25     154200.0
 1998  1  6 14 59 13 925    2.20   -7.64    1.10  -346.84     0.00     0.00    13.94     160448.7
 1998  1  6 15  4 12 762    2.89   -8.07   -0.64  -325.17     0.00     0.00    13.26     157114.4
 1998  1  6 15  5  9 451   -0.54  -11.54   -3.75  -341.55     0.00     0.00    13.09     158275.8
 1998  1  6 15  5 10 767   -0.50  -13.29    0.03  -353.07     0.00     0.00    12.49     160528.2
 1998  1  6 15  6 51 115   -1.21  -11.87   -0.98  -349.07     0.00     0.00    13.57     171976.5
 1998  1  6 15  8 39 769   -2.44  -11.10   -1.71  -368.89     0.00     0.00    13.27     163062.2
 1998  1  6 15 16  7  22   -0.13  -11.25   -0.49  -330.87     0.00     0.00    13.84     158597.2
 1998  1  6 15 16 26 904    4.05   -2.59    1.93  -357.53     0.00     0.00    14.64     157864.5
 1998  1  6 15 22 16 505    3.65   -1.31    2.87  -330.04     0.00     0.00    14.20     155081.8
 1998  1  6 15 24  3 351    5.19   -1.12    2.10  -331.20     0.00     0.00    14.11     154391.9
 1998  1  6 15 24 47 843    5.98    1.60    0.46  -349.40     0.00     0.00    14.77     155829.5
 1998  1  6 15 24 48 510    3.65    1.53    2.22  -355.32     0.00     0.00    14.69     154718.3
 1998  1  6 15 25 51 295    3.31    0.89    2.89  -355.04     0.00     0.00    14.46     157246.7
 1998  1  6 15 28 20  94    2.95    1.30    5.19  -346.26     0.00     0.00    14.92     155662.5
 1998  1  6 15 28 31  94   -2.48    1.61    9.46  -363.37     0.00     0.00    14.99     154545.0
 1998  1  6 15 31 28 913    1.01   -0.24    5.58  -351.27     0.00     0.00    14.85     153559.2
 1998  1  6 15 32 43 812    3.71   -2.17    3.18  -349.80     0.00     0.00    14.10     153172.5
 1998  1  6 15 33 53 933    2.32   -6.30    5.85  -348.80     0.00     0.00    14.32     154503.8
 1998  1  6 15 36 33 966   -1.09   -7.15   -7.19  -350.77     0.00     0.00    14.08     154973.5
 1998  1  6 15 37  9 600   -2.63   -6.80   -8.74  -372.24     0.00     0.00    12.63     153202.8
 1998  1  6 15 42  5  89   -2.27   -5.18   -7.62  -347.72     0.00     0.00    13.42     154184.9
 1998  1  6 15 46 46 839   -0.24  -10.02   -7.43  -332.67     0.00     0.00    12.86     153382.3
 1998  1  6 15 48 55 363   -3.42   -4.53   -7.40  -360.81     0.00     0.00    13.99     146619.3
 1998  1  6 15 52 43 196   -0.47   -6.93   -7.96  -355.88     0.00     0.00    14.94     148888.6
 1998  1  6 15 53 55 282   -1.42   -4.11   -8.86  -354.65     0.00     0.00    14.46     149315.8
 1998  1  6 15 55 11 202   -2.24   -0.48  -10.23  -372.07     0.00     0.00    13.63     143739.4
 1998  1  6 15 55 19 334   -3.62    1.27   -9.90  -384.96     0.00     0.00    13.66     148461.7
 1998  1  6 16  0  0 439   -3.26    1.01   -9.56  -360.29     0.00     0.00    13.81     149119.0
 1998  1  6 16  1 52  37   -2.37   -4.83   -9.43  -367.58     0.00     0.00    13.71     143565.1
 1998  1  6 16  4 52 645   -2.24   -3.94  -10.47  -361.11     0.00     0.00    13.30     147949.8
 1998  1  6 16  7 20 823   -3.91   -5.26  -10.49  -352.09     0.00     0.00    13.19     138456.9
 1998  1  6 16  8 37  88   -3.47   -5.03  -11.12  -356.51     0.00     0.00    13.29     144584.5
 1998  1  6 16  9 37  92   -3.27   -5.08  -11.16  -356.51     0.00     0.00    13.29     140866.1
 1998  1  6 16 11 34 959   -3.93   -3.93  -11.70  -350.69     0.00     0.00    12.68     142543.8
 1998  1  6 16 15 15 846   -4.10   -3.24  -12.41  -335.46     0.00     0.00    12.61     140791.9
 1998  1  6 16 15 20 432   -4.09   -4.74  -12.26  -371.05     0.00     0.00    12.20     138692.3
 1998  1  6 16 15 33 897   -3.85   -4.90  -12.64  -383.24     0.00     0.00    11.55     138664.5
 1998  1  6 16 21  3 544   -3.31   -4.94  -12.89  -353.83     0.00     0.00    11.63     138552.5
 1998  1  6 16 22 59 901   -3.45   -5.26  -12.95  -348.24     0.00     0.00    11.64     135274.4
 1998  1  6 16 24 19 958   -2.38   -5.49  -13.39  -352.18     0.00     0.00    11.73     139176.6
 1998  1  6 16 27 28  79   -3.07   -7.33  -12.06  -339.85     0.00     0.00    11.70     137627.4
 1998  1  6 16 29 12 359   -3.43   -6.95  -12.45  -352.94     0.00     0.00    10.99     136455.3
 1998  1  6 16 31 16 137   -3.41   -8.01  -11.79  -352.57     0.00     0.00    11.09     137188.4
 1998  1  6 16 33 32 878   -2.86   -8.96  -10.20  -350.90     0.00     0.00    11.23     134073.9
 1998  1  6 16 34 15  23   -3.79   -4.16  -11.51  -358.79     0.00     0.00    14.42     136716.5
 1998  1  6 16 36 17 115   -3.99   -1.73  -11.48  -364.89     0.00     0.00    13.71     134041.8
 1998  1  6 16 37 17 725   -3.26   -0.87   -9.51  -364.82     0.00     0.00    15.64     131250.8
 1998  1  6 16 40 22 712    1.21   -3.66   -9.71  -351.91     0.00     0.00    15.02     134847.6
 1998  1  6 16 40 46 817   -2.25   -4.29   -9.36  -374.82     0.00     0.00    15.39     147358.9
 1998  1  6 16 41 46 821   -1.59   -5.57   -9.03  -374.82     0.00     0.00    15.39     135765.5
 1998  1  6 16 45 55 492   -2.38   -3.22  -10.70  -354.65     0.00     0.00    15.06     127167.8
 1998  1  6 16 46 39 558   -2.67   -4.27   -9.97  -362.50     0.00     0.00    15.35     127887.3
 1998  1  6 16 47 47 140   -1.78   -4.57  -10.01  -361.70     0.00     0.00    15.74     132055.8
 1998  1  6 16 50 11 237   -1.79   -5.24   -9.66  -353.07     0.00     0.00    15.05     130301.4
 1998  1  6 16 52 23 302   -1.56   -5.19   -9.24  -364.23     0.00     0.00    16.80     127730.6
 1998  1  6 16 53  7 152   -2.57   -5.17   -9.93  -372.54     0.00     0.00    18.01     127625.6
 1998  1  6 16 55  3 291   -1.95   -6.72   -8.60  -372.98     0.00     0.00    16.39     127156.3
 1998  1  6 16 56 54 832   -1.77   -7.42   -8.61  -367.30     0.00     0.00    15.87     129219.3
 1998  1  6 16 59 34 152   -0.40   -8.10   -8.37  -363.08     0.00     0.00    15.07     126243.5
 1998  1  6 16 59 52 477   -0.91   -7.48   -7.83  -367.55     0.00     0.00    14.20     127140.6
 1998  1  6 17  2 38 864   -1.71   -7.49   -7.57  -356.35     0.00     0.00    14.61     125785.4
 1998  1  6 17  3  3 263   -2.97   -6.98   -7.95  -360.02     0.00     0.00    15.51     127407.5
 1998  1  6 17  3 43 145   -1.52   -7.06   -7.57  -368.57     0.00     0.00    15.24     125772.0
 1998  1  6 17  4 18 943   -1.35   -7.11   -7.85  -371.24     0.00     0.00    15.01     126232.2
 1998  1  6 17  9 36  31   -1.27   -6.59   -8.07  -344.77     0.00     0.00    15.41     126207.0
 1998  1  6 17 10 15 728   -0.44   -7.34   -8.07  -352.62     0.00     0.00    13.29     127580.3
 1998  1  6 17 11 56 937   -2.99   -8.27   -7.85  -367.08     0.00     0.00    14.37     128051.0
 1998  1  6 17 16 46 913   -0.84   -7.54   -8.92  -349.54     0.00     0.00    13.21     126740.9
 1998  1  6 17 17 55 411    2.64   -8.72   -3.79  -348.70     0.00     0.00    13.09     134845.2
 1998  1  6 17 18 52 638    4.97   -9.15    0.17  -348.97     0.00     0.00    12.19     130069.8
 1998  1  6 17 19 26 365    5.49   -9.42    2.59  -351.57     0.00     0.00    12.16     129517.1
 1998  1  6 17 20  2 484    5.13   -8.47    4.84  -353.96     0.00     0.00    12.74     127341.8
 1998  1  6 17 25  3 883    4.33   -9.32    4.47  -331.20     0.00     0.00    12.30     130836.4
 1998  1  6 17 25  9 421    2.21  -11.35    2.25  -336.07     0.00     0.00    12.14     130694.1
 1998  1  6 17 25 23 978    2.61  -10.80    3.21  -340.25     0.00     0.00    11.73     135104.4
 1998  1  6 17 26 16 786    4.07  -10.35    4.34  -346.63     0.00     0.00    12.87     135939.9
 1998  1  6 17 27 33 354    3.61  -10.66    1.71  -345.03     0.00     0.00    12.29     133127.2
 1998  1  6 17 28 11 843    3.89  -10.37   -1.75  -347.11     0.00     0.00    12.28     134841.2
 1998  1  6 17 30 32 447    3.60  -10.29   -2.01  -339.47     0.00     0.00    12.83     131329.1
 1998  1  6 17 33 26 445    4.23  -10.49    0.81  -340.03     0.00     0.00    12.31     131724.2
 1998  1  6 17 37 43 263    3.94  -10.28   -3.29  -327.76     0.00     0.00    12.21     132043.7
 1998  1  6 17 38 23 150    2.82  -10.48   -2.27  -340.34     0.00     0.00    11.67     134056.2
 1998  1  6 17 42  6 898    3.70  -10.75   -0.13  -336.31     0.00     0.00    12.23     136148.3
 1998  1  6 17 43 36  15    4.12  -10.92    0.22  -333.68     0.00     0.00    11.57     130353.8
 1998  1  6 17 43 38 459    4.16  -10.91    1.88  -338.92     0.00     0.00    11.81     131681.5
 1998  1  6 17 44  2  11    3.75   -9.92    3.16  -342.32     0.00     0.00    12.18     137448.1
 1998  1  6 17 45 38  59    4.03   -9.34    3.11  -338.95     0.00     0.00    12.38     133999.7
 1998  1  6 17 47 48 483    4.36   -9.04    4.26  -332.57     0.00     0.00    12.19     134974.1
 1998  1  6 17 50 35 298    3.61  -10.25   -1.37  -339.21     0.00     0.00    12.35     133538.8
 1998  1  6 17 50 51 136    3.77  -10.26    0.11  -343.35     0.00     0.00    12.68     134759.0
 1998  1  6 17 50 55 790    4.88  -10.39    1.32  -354.65     0.00     0.00    12.05     129523.9
 1998  1  6 17 53  2 298    4.46  -10.32    1.80  -348.04     0.00     0.00    12.28     132645.2
 1998  1  6 17 54 38 229    4.92   -9.77    1.12  -356.43     0.00     0.00    11.96     132356.5
 1998  1  6 17 55 24 999    4.66   -9.44    2.02  -357.79     0.00     0.00    11.88     133671.8
 1998  1  6 17 56 43 901    4.98   -8.36    3.33  -355.86     0.00     0.00    12.22     132972.3
 1998  1  6 17 58  2 698    4.80   -9.00    3.07  -353.95     0.00     0.00    11.84     133010.0
 1998  1  6 18  2 10 944    5.20   -9.44    2.66  -335.95     0.00     0.00    12.01     131553.2
 1998  1  6 18  5 18 848    5.19   -9.27    2.49  -324.73     0.00     0.00    12.09     132734.8
 1998  1  6 18  6 53 123    2.11   -7.49    6.64  -343.17     0.00     0.00    13.61     132376.6
 1998  1  6 18 11 22  44    2.67   -7.41    6.66  -324.46     0.00     0.00    13.46     125606.2
 1998  1  6 18 13 19 308    3.89   -9.72    2.52  -335.20     0.00     0.00    12.05     129200.8
 1998  1  6 18 14 54  86    3.23   -9.78    1.53  -332.08     0.00     0.00    13.28     132441.3
 1998  1  6 18 15 11 340    3.48   -9.55    2.73  -335.92     0.00     0.00    12.86     130787.6
 1998  1  6 18 15 41 278    3.88   -9.09    3.50  -338.67     0.00     0.00    12.41     129459.5
 1998  1  6 18 18 44 992    5.90   -8.08    4.29  -338.33     0.00     0.00    13.00     132036.3
 1998  1  6 18 18 57  70    4.51   -7.61    5.58  -342.80     0.00     0.00    12.74     126885.2
 1998  1  6 18 19  5 581    3.72   -6.56    6.54  -347.74     0.00     0.00    13.86     126199.8
 1998  1  6 18 19 21 963    3.38   -6.88    7.16  -352.03     0.00     0.00    12.77     124943.4
 1998  1  6 18 24 13 968    3.17   -6.40    7.96  -330.33     0.00     0.00    12.07     125366.8
 1998  1  6 18 25  4 767    3.86   -4.85    7.66  -342.08     0.00     0.00    12.94     130060.0
 1998  1  6 18 25 16 646    3.44   -5.11    6.81  -346.67     0.00     0.00    12.83     128784.5
 1998  1  6 18 27  5 947    3.48   -4.52    7.27  -341.97     0.00     0.00    12.40     125970.8
 1998  1  6 18 27 38 974    4.81   -8.63    4.22  -344.52     0.00     0.00    10.97     127303.4
 1998  1  6 18 32 14 412    5.11   -9.29    3.95  -330.30     0.00     0.00    11.82     128110.7
 1998  1  6 18 35 36 595    5.57   -9.07    3.10  -333.65     0.00     0.00    11.81     125386.1
 1998  1  6 18 36  1 535    5.82   -8.33    4.85  -342.38     0.00     0.00    11.44     125289.8
 1998  1  6 18 37 58 901    4.79   -9.55    1.55  -354.35     0.00     0.00    12.01     128667.4
 1998  1  6 18 40 59 583    3.38   -9.63   -2.10  -348.33     0.00     0.00    11.82     130999.3
 1998  1  6 18 42  8  37    3.98   -9.73    0.19  -353.43     0.00     0.00    12.11     128754.1
 1998  1  6 18 42 31 549    3.78   -9.80   -0.89  -357.14     0.00     0.00    12.32     126974.3
 1998  1  6 18 46 11 987    3.90   -9.65   -1.07  -341.41     0.00     0.00    12.05     131865.3
 1998  1  6 18 46 20 522    3.19   -9.90   -1.71  -346.30     0.00     0.00    11.69     129668.9
 1998  1  6 18 50 16 773    2.34  -10.34   -3.03  -346.66     0.00     0.00    11.50     131814.3
 1998  1  6 18 56  4 122    2.53   -9.76   -2.17  -326.00     0.00     0.00    12.73     130331.0
 1998  1  6 18 57 23 838    1.63   -8.97   -4.20  -340.30     0.00     0.00    12.43     126252.6
 1998  1  6 18 57 30 793    1.26   -8.65   -4.62  -357.22     0.00     0.00    12.80     128348.5
 1998  1  6 19  0 26 416    2.00   -8.56   -2.68  -351.60     0.00     0.00    12.58     127055.9
 1998  1  6 19  4 11 392    2.02   -8.55   -2.91  -341.47     0.00     0.00    12.63     130430.6
 1998  1  6 19  5 51 140    2.36   -8.31   -3.19  -337.78     0.00     0.00    12.36     129483.5
 1998  1  6 19  5 59 155    2.19   -8.99   -2.58  -354.34     0.00     0.00    12.07     128468.9
 1998  1  6 19 12  4 757    2.29   -9.01   -2.68  -325.95     0.00     0.00    12.40     127301.8
 1998  1  6 19 12 33 163    1.74   -8.68   -2.58  -339.44     0.00     0.00    12.77     133623.2
 1998  1  6 19 16 19 787    1.60   -9.20   -1.18  -346.38     0.00     0.00    12.63     127477.9
 1998  1  6 19 16 38 851    0.87   -9.09   -1.20  -350.38     0.00     0.00    12.49     130806.9
 1998  1  6 19 19  9 773    0.86   -9.38   -1.43  -341.63     0.00     0.00    11.99     125799.9
 1998  1  6 19 19 18 237    0.54   -9.75   -1.33  -352.43     0.00     0.00    12.50     130007.0
 1998  1  6 19 20  9 267    0.80   -9.64   -1.41  -353.33     0.00     0.00    11.97     129071.3
 1998  1  6 19 20 23 450    1.08   -9.61   -1.71  -357.99     0.00     0.00    12.12     126363.5
 1998  1  6 19 22 37 465    1.18   -9.88   -1.81  -350.52     0.00     0.00    12.03     125048.0
 1998  1  6 19 24 11 586    1.17   -9.90   -2.07  -353.10     0.00     0.00    12.04     123734.8
 1998  1  6 19 24 37 519    1.08   -9.62   -2.91  -362.79     0.00     0.00    11.67     127623.5
 1998  1  6 19 27 53 864    0.93   -9.35   -2.24  -348.91     0.00     0.00    11.88     126425.6
 1998  1  6 19 29 22 368    0.21   -8.96   -5.56  -352.02     0.00     0.00    13.41     118048.8
 1998  1  6 19 31 48 215   -0.56   -8.76   -6.17  -343.67     0.00     0.00    13.36     124143.4
 1998  1  6 19 33 46 337   -1.60   -3.20  -11.02  -355.65     0.00     0.00    10.99     119831.5
 1998  1  6 19 34  6  59   -1.31   -5.19  -10.50  -359.79     0.00     0.00    11.14     123005.9
 1998  1  6 19 35 13 131    0.13   -9.29   -4.92  -359.06     0.00     0.00    11.89     120736.9
 1998  1  6 19 35 33 619    0.35  -10.29   -2.30  -363.20     0.00     0.00    11.33     122988.9
 1998  1  6 19 38 22 713   -0.17   -4.08  -10.31  -358.07     0.00     0.00    11.43     123249.2
 1998  1  6 19 40  1 970   -0.19   -5.52   -9.72  -354.07     0.00     0.00    11.33     122282.0
 1998  1  6 19 40  5  56   -1.57   -8.14   -6.94  -379.68     0.00     0.00    11.43     120361.1
 1998  1  6 19 42 37 185   -0.51   -8.50   -6.61  -369.30     0.00     0.00    11.31     132428.4
 1998  1  6 19 43 32 534   -0.24   -8.92   -5.98  -369.81     0.00     0.00    11.38     121447.6
 1998  1  6 19 46 58 111    0.07   -9.16   -4.66  -354.46     0.00     0.00    11.92     123243.6
 1998  1  6 19 47 53  21    0.82  -10.15   -1.23  -354.98     0.00     0.00    12.00     122775.3
 1998  1  6 19 48 12 140    0.69  -10.35   -0.23  -365.50     0.00     0.00    11.37     126598.1
 1998  1  6 19 48 19 716    0.58  -10.15   -1.15  -371.22     0.00     0.00    11.40     122999.2
 1998  1  6 19 54  2 889    0.61   -9.97   -2.24  -342.29     0.00     0.00    12.21     118991.9
 1998  1  6 19 55 51 699    0.70  -10.08   -1.66  -343.35     0.00     0.00    12.26     120434.2
 1998  1  6 19 56  1 343   -1.88   -6.94   -8.10  -360.30     0.00     0.00    11.60     122432.5
 1998  1  6 19 57 27 344   -0.96   -8.37   -6.10  -363.88     0.00     0.00    11.51     118512.7
 1998  1  6 19 59 14 619   -0.08   -9.39   -5.18  -358.92     0.00     0.00    11.64     119089.5
 1998  1  6 20  0 49 186    0.63   -8.80   -5.42  -361.57     0.00     0.00    11.84     126184.7
 1998  1  6 20  1 34 353   -1.50   -9.92   -1.83  -369.61     0.00     0.00    11.47     118016.0
 1998  1  6 20  5  1 324   -0.67   -9.86   -2.69  -360.30     0.00     0.00    11.42     121529.7
 1998  1  6 20  6 22 736    0.31   -9.78   -2.50  -358.08     0.00     0.00    11.91     122160.6
 1998  1  6 20  9  0 579    1.26   -8.28   -5.30  -354.22     0.00     0.00    11.67     121630.9
 1998  1  6 20  9 33 887    0.79   -8.07   -5.90  -356.94     0.00     0.00    11.19     120323.8
 1998  1  6 20 14  4 690    0.20   -9.49   -3.81  -336.57     0.00     0.00    11.49     122714.1
 1998  1  6 20 16 27  96   -0.24   -9.55   -3.63  -357.64     0.00     0.00    10.84     115687.8
 1998  1  6 20 16 41 417   -0.59   -8.85   -5.23  -362.40     0.00     0.00    11.17     118768.6
 1998  1  6 20 18 59 455   -0.42   -9.20   -5.22  -354.34     0.00     0.00    11.04     124968.5
 1998  1  6 20 19  4 336   -1.14   -9.34   -6.50  -372.95     0.00     0.00    11.91     114133.4
 1998  1  6 20 19 37 332   -1.77   -8.66   -7.02  -376.00     0.00     0.00    12.07     112732.4
 1998  1  6 20 21 30 115   -1.84   -7.75   -7.99  -370.09     0.00     0.00    11.17     114292.7
 1998  1  6 20 24 45 729   -1.47   -7.94   -8.74  -355.73     0.00     0.00    11.72     111294.9
 1998  1  6 20 26 34 388   -1.62   -8.12   -8.55  -350.85     0.00     0.00    11.63     110750.5
 1998  1  6 20 29  1  86   -2.32   -7.11   -9.05  -360.34     0.00     0.00    13.43     112956.3
 1998  1  6 20 31 13 942   -4.91    1.11  -10.84  -385.73     0.00     0.00    10.39     107606.1
 1998  1  6 20 33 31 728   -4.46    0.96  -11.33  -383.61     0.00     0.00    10.62     109264.0
 1998  1  6 20 35 40 974   -5.03    0.86  -11.20  -375.59     0.00     0.00    10.34     112496.4
 1998  1  6 20 39 33 786   -5.71    1.80  -11.85  -363.21     0.00     0.00    11.34     108357.5
 1998  1  6 20 39 37 757   -5.07    2.96  -11.27  -382.90     0.00     0.00    11.57     106980.8
 1998  1  6 20 40  5   5   -5.20    3.11  -11.24  -386.80     0.00     0.00    11.58     107691.5
 1998  1  6 20 40 49 215   -6.30    3.62  -10.61  -388.71     0.00     0.00    11.29     104993.4
 1998  1  6 20 41 48 797   -6.10    3.56  -10.84  -388.76     0.00     0.00    11.65     105672.2
 1998  1  6 20 43  5 610   -5.69    3.28  -11.02  -386.73     0.00     0.00    11.74     109618.0
 1998  1  6 20 43 24 375   -5.92    3.41  -10.77  -391.76     0.00     0.00    11.76     106025.8
 1998  1  6 20 44 21 643   -7.00    4.82  -10.07  -392.09     0.00     0.00    11.91     104454.2
 1998  1  6 20 47 16 792   -7.57    5.30   -9.61  -378.36     0.00     0.00    12.00     117941.9
 1998  1  6 20 47 48 648   -4.42    1.12  -10.03  -381.63     0.00     0.00    12.83     107836.9
 1998  1  6 20 48 21 657   -4.78    1.87   -9.85  -384.81     0.00     0.00    12.59     105115.8
 1998  1  6 20 49 19 733   -4.88    1.62   -9.01  -385.04     0.00     0.00    13.09     106708.6
 1998  1  6 20 49 38 990   -4.34    0.40   -9.07  -389.96     0.00     0.00    13.11     106861.7
 1998  1  6 20 51 55 500   -4.12   -1.15   -8.54  -380.83     0.00     0.00    13.26     107264.0
 1998  1  6 20 58 32 989    0.71   -3.58    1.04  -351.00     0.00     0.00    14.89     103436.2
 1998  1  6 21  0 19 275    4.68   -0.53    6.92  -352.37     0.00     0.00    13.85     105708.2
 1998  1  6 21  0 55 741    5.34   -0.48    7.53  -360.91     0.00     0.00    14.17     100732.2
 1998  1  6 21  3 54 577    5.73   -1.14    7.72  -348.88     0.00     0.00    13.94     104612.5
 1998  1  6 21  4 20 748    6.13   -1.60    7.54  -364.61     0.00     0.00    14.00     102348.4
 1998  1  6 21  9  7 668    6.18   -1.79    7.55  -341.87     0.00     0.00    14.00     100968.7
 1998  1  6 21 10 14 798    6.76   -1.94    7.69  -352.82     0.00     0.00    14.49     101830.6
 1998  1  6 21 10 41 505    6.31   -2.31    7.72  -356.18     0.00     0.00    14.47     101529.3
 1998  1  6 21 10 45 124    5.99   -3.16    7.31  -362.03     0.00     0.00    14.57     102557.1
 1998  1  6 21 12 13 306    6.48   -2.71    7.08  -359.08     0.00     0.00    14.33     102676.4
 1998  1  6 21 14 38 983    5.84   -3.45    6.49  -356.44     0.00     0.00    14.08     105653.8
 1998  1  6 21 16 17 726    6.44   -3.40    6.14  -358.63     0.00     0.00    15.02     111985.4
 1998  1  6 21 16 35  99    6.28   -3.75    6.54  -363.09     0.00     0.00    14.71     105496.3
 1998  1  6 21 17 56 458    6.17   -4.05    6.32  -360.84     0.00     0.00    14.41     103467.2
 1998  1  6 21 24 18 778    6.33   -3.96    6.56  -329.98     0.00     0.00    14.97     102366.8
 1998  1  6 21 28 50 979    6.35   -5.49    4.30  -343.45     0.00     0.00    15.28     105520.2
 1998  1  6 21 31 14 605    5.58   -6.31    3.01  -335.70     0.00     0.00    15.36     106576.3
 1998  1  6 21 31 53 272    5.26   -6.62    2.33  -337.65     0.00     0.00    14.81     106975.7
 1998  1  6 21 32 36 480    4.93   -6.94    1.65  -339.19     0.00     0.00    14.60     102383.0
 1998  1  6 21 32 39 206    5.63   -5.71    4.27  -356.43     0.00     0.00    14.83     104353.0
 1998  1  6 21 34 39 293    6.86   -1.32    7.48  -362.66     0.00     0.00    14.73     104556.3
 1998  1  6 21 36 30 226    5.00   -3.70    5.18  -357.35     0.00     0.00    15.95     107119.0
 1998  1  6 21 38 43 999    2.54   -8.27    2.39  -349.93     0.00     0.00    15.80     101999.4
 1998  1  6 21 42 33 108    3.27   -8.10    3.08  -357.06     0.00     0.00    15.86     101712.1
 1998  1  6 21 45 54 169   -1.11  -10.37   -3.48  -343.16     0.00     0.00    12.08     104548.6
 1998  1  6 21 48 16 948   -2.25  -10.59   -5.51  -358.72     0.00     0.00    13.05     106038.0
 1998  1  6 21 48 40 892   -2.76  -10.42   -5.68  -368.94     0.00     0.00    13.02     112643.4
 1998  1  6 21 48 54 671   -2.37  -10.43   -5.74  -374.07     0.00     0.00    13.22     108551.1
 1998  1  6 21 52 18 451   -1.77  -10.13   -6.59  -358.57     0.00     0.00    13.97     109837.4
 1998  1  6 21 54 41 439   -2.46  -12.58   -3.77  -350.19     0.00     0.00    12.57     108793.8
 1998  1  6 21 56  5 561   -2.59   -9.88   -8.74  -359.91     0.00     0.00    13.61     108652.4
 1998  1  6 21 58  7 410   -1.99  -10.34   -8.39  -359.72     0.00     0.00    12.67     111802.5
 1998  1  6 21 59 14 614   -1.35  -10.83   -8.47  -358.97     0.00     0.00    12.74     112908.1
 1998  1  6 22  0 53 814   -1.83  -11.57   -7.62  -354.95     0.00     0.00    12.78     106483.0
 1998  1  6 22  1 51 297   -1.68  -11.65   -7.58  -367.82     0.00     0.00    13.04     107239.9
 1998  1  6 22  2 45 641   -1.43  -11.68   -7.86  -368.43     0.00     0.00    12.43     108334.8
 1998  1  6 22  3 14 814   -1.95  -11.34   -8.65  -371.83     0.00     0.00    12.44     106162.8
 1998  1  6 22  4 20 224   -2.28  -12.21   -8.07  -371.23     0.00     0.00    11.81     109083.8
 1998  1  6 22  4 21 591   -2.96  -12.71   -7.89  -377.84     0.00     0.00    11.51     104605.2
 1998  1  6 22  8 10 282   -3.10  -12.92   -7.72  -359.42     0.00     0.00    11.23     107054.5
 1998  1  6 22  9  9 931   -2.75  -12.32   -8.41  -365.80     0.00     0.00    11.55     109163.6
 1998  1  6 22  9 25 402   -4.00  -12.20   -8.47  -377.41     0.00     0.00    12.25     104322.3
 1998  1  6 22  9 40 568   -3.81  -12.45   -8.46  -382.61     0.00     0.00    11.09     115489.4
 1998  1  6 22 14 41 835   -3.34  -12.17   -9.09  -356.18     0.00     0.00    11.99     110834.7
 1998  1  6 22 16 18 430   -3.44  -11.48   -9.78  -358.58     0.00     0.00    11.98     113690.7
 1998  1  6 22 16 51 123   -2.94  -11.39  -10.32  -374.49     0.00     0.00    11.55     106730.6
 1998  1  6 22 20 23 572   -2.03  -10.27  -11.43  -358.05     0.00     0.00    11.99     102752.4
 1998  1  6 22 22 10 323   -2.69  -11.23  -11.58  -359.42     0.00     0.00    10.86     106247.5
 1998  1  6 22 22 34 407   -2.19  -12.07  -11.43  -363.19     0.00     0.00    11.06     104670.4
 1998  1  6 22 22 44 445   -3.58  -10.58  -12.53  -368.57     0.00     0.00    11.22     109256.2
 1998  1  6 22 23 58 187   -3.45   -8.83  -12.10  -367.08     0.00     0.00    12.35     107123.0
 1998  1  6 22 24 48 845   -4.34   -6.43  -13.03  -368.09     0.00     0.00    13.08     109111.9
 1998  1  6 22 24 56 698   -4.58   -5.82  -12.71  -373.86     0.00     0.00    13.49     106217.1
 1998  1  6 22 27 42 798   -4.42   -6.23  -12.13  -362.31     0.00     0.00    13.48     107634.7
 1998  1  6 22 29 54 580   -2.88   -7.22  -10.76  -354.89     0.00     0.00    14.26     106186.4
 1998  1  6 22 30 19 597   -2.10   -7.52  -10.78  -364.77     0.00     0.00    14.05     106742.9
 1998  1  6 22 30 33 692   -2.51   -7.18  -10.89  -369.75     0.00     0.00    14.28     105750.8
 1998  1  6 22 34 49 101   -2.77   -6.73  -10.96  -349.45     0.00     0.00    13.61     103709.9
 1998  1  6 22 35 49 105   -2.77   -6.62  -11.76  -349.45     0.00     0.00    13.61     103709.9
 1998  1  6 22 37 27 784    1.35    2.96  -12.71  -363.90     0.00     0.00    14.75     108095.6
 1998  1  6 22 39 29 320   -0.17    0.42  -12.20  -357.47     0.00     0.00    15.91     104195.1
 1998  1  6 22 40 18 883   -0.24    2.49  -14.04  -371.39     0.00     0.00    14.42     105151.1
 1998  1  6 22 42  6 658    2.98    5.25  -14.03  -372.75     0.00     0.00    13.08     106617.6
 1998  1  6 22 43 48 696    4.00    6.06  -13.92  -368.12     0.00     0.00    13.07     110969.8
 1998  1  6 22 46 18 466    3.86    5.71  -13.53  -358.59     0.00     0.00    14.01     105507.9
 1998  1  6 22 47  7 709    3.67    5.45  -13.56  -359.71     0.00     0.00    13.89     104946.2
 1998  1  6 22 50 40 520    4.45    5.07  -13.03  -356.33     0.00     0.00    13.19     105652.5
 1998  1  6 22 51 44 479    3.84    5.30  -12.91  -355.92     0.00     0.00    13.51     105850.5
 1998  1  6 22 53  8 475    3.15    4.82  -13.14  -353.50     0.00     0.00    13.98     105391.9
 1998  1  6 22 54  7 986    0.97    5.42  -14.39  -359.68     0.00     0.00    10.87     106746.3
 1998  1  6 22 55 34 925    0.49    6.04  -13.72  -356.90     0.00     0.00    11.81     107743.2
 1998  1  6 22 58  5 427    0.16    6.84  -13.08  -353.80     0.00     0.00    11.15     106002.8
 1998  1  6 22 59 23 337    0.16    7.62  -12.26  -352.01     0.00     0.00    12.48     105876.6
 1998  1  6 23  1  7 465    0.53    8.54  -12.12  -353.60     0.00     0.00    11.71     103159.9
 1998  1  6 23  1 37 599    0.40    8.38  -11.92  -356.63     0.00     0.00    11.91     109068.3
 1998  1  6 23  1 42 856    1.20    8.09  -11.53  -362.32     0.00     0.00    12.03     105702.2
 1998  1  6 23  3 34 124    4.44    7.44  -10.35  -356.99     0.00     0.00    13.38     103858.4
 1998  1  6 23  6 13 158    4.52    7.79  -11.01  -353.03     0.00     0.00    11.29     107965.2
 1998  1  6 23  6 52 284    4.28    6.71   -8.95  -361.33     0.00     0.00    12.23     112069.8
 1998  1  6 23 10 29 297    4.97    7.91   -8.44  -345.56     0.00     0.00    11.77     113925.6
 1998  1  6 23 10 58 674    5.53    8.08   -6.18  -354.49     0.00     0.00    12.05     105100.7
 1998  1  6 23 14  3 186    4.86    9.58   -2.78  -342.34     0.00     0.00    12.64     106470.9
 1998  1  6 23 18 59 861    4.43    3.86   -4.99  -337.09     0.00     0.00    13.09     107441.0
 1998  1  6 23 19 18 358    6.91    5.77    0.23  -346.62     0.00     0.00    12.43     107969.8
 1998  1  6 23 19 30 918    7.63    5.81    2.84  -357.32     0.00     0.00    11.89     106181.7
 1998  1  6 23 20 27 666    7.61    6.64    3.60  -357.66     0.00     0.00    12.64     104875.8
 1998  1  6 23 20 51 134    7.65    6.98    4.00  -361.45     0.00     0.00    12.54     105265.6
 1998  1  6 23 23 49 229    6.29    4.08    4.76  -355.45     0.00     0.00    12.63     108194.3
 1998  1  6 23 27 14  54    5.75    3.96    5.21  -341.33     0.00     0.00    13.05     106444.3
 1998  1  6 23 27 14 850    3.42    3.82    5.04  -358.98     0.00     0.00    12.72     104419.8
 1998  1  6 23 28 48 157    3.00    3.44    4.89  -355.56     0.00     0.00    12.72     104138.7
 1998  1  6 23 29 50 735    1.86    2.31    4.47  -355.30     0.00     0.00    12.99     105127.0
 1998  1  6 23 31 39 429   -2.57    1.48   -8.29  -362.69     0.00     0.00    10.73     104390.5
 1998  1  6 23 34 16 411   -3.03   -1.28   -8.04  -352.72     0.00     0.00    10.00     112924.0
 1998  1  6 23 34 50 896   -4.65   -7.37   -8.31  -355.29     0.00     0.00     9.46     106814.8
 1998  1  6 23 36 56 800   -4.69   -6.94  -10.15  -348.72     0.00     0.00     8.99     108850.8
 1998  1  6 23 37  9 234   -1.92    2.20  -12.42  -365.92     0.00     0.00    12.10     104188.2
 1998  1  6 23 39 20 636   -1.86    2.26  -11.18  -371.22     0.00     0.00    10.66     108466.8
 1998  1  6 23 39 32 971    0.79    4.55  -11.40  -383.55     0.00     0.00    10.77     107640.5
 1998  1  6 23 43  8 179    0.26    4.46  -11.15  -372.61     0.00     0.00    11.05     100039.5
 1998  1  6 23 44 12 886    0.37    4.63  -10.18  -372.09     0.00     0.00    11.96     107571.7
 1998  1  6 23 46  9  66   -3.74   -3.90  -10.80  -372.51     0.00     0.00     8.87     102186.1
 1998  1  6 23 48 29 165   -3.73   -0.74  -10.07  -370.29     0.00     0.00    10.74     106532.1
 1998  1  6 23 51  7  69   -3.71   -0.59   -9.51  -366.16     0.00     0.00     9.96     103810.6
 1998  1  6 23 53  6 994   -4.86   -1.53  -11.91  -372.75     0.00     0.00     8.16     110010.7
 1998  1  6 23 53  7 328   -4.23   -0.42  -11.23  -379.53     0.00     0.00    10.58     106979.6
 1998  1  6 23 54 56 620   -4.13   -0.16  -11.05  -373.91     0.00     0.00    10.92     104224.4
 1998  1  6 23 55 56 951   -4.76   -0.41  -10.80  -373.87     0.00     0.00    10.12     106442.0
 1998  1  6 23 58 32 243   -4.20   -0.21  -10.59  -363.46     0.00     0.00    10.44     104986.1
 1998  1  7  0  0  0 741   -5.32    1.24  -11.91  -380.30     0.00     0.00     8.73     106031.9
 1998  1  7  0  3 35 768   -4.12   -0.38  -11.41  -376.27     0.00     0.00     9.75     109668.9
 1998  1  7  0  5  4 232   -4.86   -0.70  -12.39  -386.99     0.00     0.00     7.54     111553.0
 1998  1  7  0  7 48   0   -5.05   -0.52  -11.52  -374.89     0.00     0.00     9.43     106421.9
 1998  1  7  0  9 45 992   -4.22   -1.98  -11.21  -368.45     0.00     0.00     9.37     106720.4
 1998  1  7  0 12 36 227   -4.46   -2.16  -11.32  -356.80     0.00     0.00     8.72     103475.5
 1998  1  7  0 14 50 802   -3.99   -2.02  -10.83  -367.93     0.00     0.00     9.74     103437.2
 1998  1  7  0 15 13 474   -4.26   -0.84  -11.52  -378.83     0.00     0.00     9.36     104513.2
 1998  1  7  0 18 26 134   -5.54   -2.15  -12.15  -364.12     0.00     0.00     8.00     107438.7
 1998  1  7  0 18 58 449   -5.79   -3.45  -11.15  -380.58     0.00     0.00     8.12     106627.3
 1998  1  7  0 22  5 389   -4.17   -2.11  -11.92  -372.94     0.00     0.00     8.23     105696.3
 1998  1  7  0 26 53 554   -5.12   -3.56  -11.18  -361.23     0.00     0.00     8.70     102043.2
 1998  1  7  0 27 36 483   -5.51   -3.97  -10.46  -369.50     0.00     0.00     9.51     105121.4
 1998  1  7  0 31 20 527   -5.52   -4.78  -10.09  -371.26     0.00     0.00     9.05     104888.8
 1998  1  7  0 34  4 163   -4.64   -5.43  -10.29  -360.12     0.00     0.00     8.88     110754.8
 1998  1  7  0 35 30 804   -4.64   -5.24  -10.78  -370.13     0.00     0.00     8.14     105483.2
 1998  1  7  0 43 37 566   -4.90   -5.29  -11.06  -328.42     0.00     0.00     8.52     103064.6
 1998  1  7  0 45 51 144   -6.72   -3.41  -12.36  -381.44     0.00     0.00     7.09     111000.1
 1998  1  7  0 49 34 312   -6.43   -3.42  -12.49  -363.27     0.00     0.00     7.49     109191.7
 1998  1  7  0 53 24  68   -6.67   -2.77  -12.47  -377.63     0.00     0.00     6.80     112179.4
