
Data taken from file : 
/raid3/Data/cdaweb.gsfc.nasa.gov/pub/data/wind/mfi/mfi_h0/1998/wi_h0_mfi_19980107_v05.cdf
     and               
/raid3/Data/cdaweb.gsfc.nasa.gov/pub/data/wind/swe/swe_h0/1998/wi_h0_swe_19980107_v02.cdf

The Alpha Particles were not considered in the number density

#TIMEDELAY
      0.00000

#START
 1998  1  7  0 52 51 268   -6.73   -1.12  -12.47  -396.00     0.00     0.00     7.42     109475.5
 1998  1  7  0 56 29 622   -6.80   -0.50  -12.64  -377.00     0.00     0.00     6.99     106517.0
 1998  1  7  0 56 32 205   -6.63   -1.15  -12.14  -383.68     0.00     0.00     7.23     105688.5
 1998  1  7  0 58 46 806   -6.92   -0.78  -11.45  -375.05     0.00     0.00     8.79     103254.1
 1998  1  7  1  0 53 997   -7.36   -0.01  -11.39  -374.24     0.00     0.00     8.17     104211.4
 1998  1  7  1  1 36 374   -7.28    0.05  -11.99  -383.19     0.00     0.00     7.69     106831.1
 1998  1  7  1  3 19 559   -6.61   -0.56  -11.92  -378.16     0.00     0.00     8.30     103261.3
 1998  1  7  1  5 30  52   -6.45    1.03  -11.78  -383.93     0.00     0.00    10.43     102630.2
 1998  1  7  1  8 10 148   -5.84    0.72  -11.82  -386.31     0.00     0.00    10.22     102034.2
 1998  1  7  1 10 18  64   -6.00    0.25  -11.93  -378.33     0.00     0.00    10.69     105589.1
 1998  1  7  1 10 38 185   -5.11   -1.40  -12.41  -390.18     0.00     0.00    10.09     102823.3
 1998  1  7  1 11 41 529   -4.87   -1.78  -12.20  -389.78     0.00     0.00    10.58     105311.1
 1998  1  7  1 13 44 889   -5.47   -1.17  -12.01  -382.19     0.00     0.00    10.58     108936.4
 1998  1  7  1 16 57 284   -5.95   -0.35  -12.16  -373.87     0.00     0.00     9.90     104919.4
 1998  1  7  1 20  5 484   -5.31    5.53  -12.99  -379.79     0.00     0.00     7.87     111064.4
 1998  1  7  1 21 21 297   -8.14    0.56  -12.33  -384.98     0.00     0.00     9.16     110552.8
 1998  1  7  1 22 38 442   -8.01   -2.01  -12.26  -382.95     0.00     0.00     8.93     105680.0
 1998  1  7  1 22 45 798   -7.22   -3.84  -12.41  -396.71     0.00     0.00     8.36     112785.0
 1998  1  7  1 23 31 126   -7.29   -2.84  -12.56  -398.57     0.00     0.00     8.80     106440.4
 1998  1  7  1 24 19 479   -7.33   -2.69  -12.39  -400.07     0.00     0.00     8.59     115060.4
 1998  1  7  1 24 34 650   -7.12   -1.73  -12.84  -405.92     0.00     0.00     8.96     103888.6
 1998  1  7  1 25 48 813   -7.28   -1.39  -12.84  -404.05     0.00     0.00    10.32     105367.3
 1998  1  7  1 26 12 451   -7.38   -1.57  -13.02  -408.88     0.00     0.00     9.78     103068.0
 1998  1  7  1 30 27 228   -7.50   -1.65  -13.04  -384.28     0.00     0.00     9.71     103946.4
 1998  1  7  1 31  0 611   -7.15   -1.83  -13.51  -394.85     0.00     0.00     8.30     101830.5
 1998  1  7  1 31 25 392   -7.15   -2.64  -13.14  -407.15     0.00     0.00     8.98     103825.4
 1998  1  7  1 31 53 602   -7.09   -2.22  -13.28  -411.43     0.00     0.00     8.40     118221.7
 1998  1  7  1 35 47 555   -7.41   -1.00  -13.64  -389.05     0.00     0.00     7.80     106451.9
 1998  1  7  1 36  4 498   -7.60   -2.66  -13.49  -394.36     0.00     0.00     7.43     107497.9
 1998  1  7  1 36 19 526   -7.38   -2.94  -13.63  -400.07     0.00     0.00     8.05     111614.9
 1998  1  7  1 37 19 126   -7.05   -2.73  -13.21  -400.12     0.00     0.00     8.74      99126.9
 1998  1  7  1 39 57 157   -6.36   -2.34  -12.73  -387.89     0.00     0.00    11.58      99802.4
 1998  1  7  1 41 35 407   -6.48   -2.96  -12.61  -383.32     0.00     0.00    11.55     100107.5
 1998  1  7  1 41 44 360   -6.46   -3.16  -13.00  -389.44     0.00     0.00     9.82     104975.4
 1998  1  7  1 44  0 259   -6.79   -2.05  -13.31  -380.41     0.00     0.00    10.15     101231.6
 1998  1  7  1 45 58 701   -6.46   -2.12  -13.69  -373.73     0.00     0.00     9.91     108218.0
 1998  1  7  1 46 58 948   -6.06   -1.86  -13.83  -387.68     0.00     0.00     9.81     102810.6
 1998  1  7  1 48  3 588   -6.78   -0.76  -13.63  -387.12     0.00     0.00     9.48     103026.7
 1998  1  7  1 49 54 476   -6.96   -0.44  -13.47  -381.08     0.00     0.00    10.02      99286.6
 1998  1  7  1 49 57 233   -6.84   -1.16  -13.44  -387.88     0.00     0.00     9.51     102805.6
 1998  1  7  1 52  5 506   -6.84   -1.60  -13.81  -386.89     0.00     0.00     9.21     102917.5
 1998  1  7  1 52 40 660   -6.74   -1.48  -14.03  -397.37     0.00     0.00     8.36     105282.3
 1998  1  7  1 53 36  41   -7.05   -1.08  -13.90  -397.96     0.00     0.00     8.64     104762.6
 1998  1  7  1 54 11 592   -6.99   -1.11  -13.98  -401.10     0.00     0.00     8.84     103700.0
 1998  1  7  1 56 25 723   -7.21   -1.03  -13.91  -391.74     0.00     0.00     8.51     100167.6
 1998  1  7  1 56 26 876   -7.52   -0.85  -13.77  -399.13     0.00     0.00     8.66     111360.4
 1998  1  7  1 57 31 669   -7.69   -0.74  -13.50  -406.33     0.00     0.00     8.34     103132.4
 1998  1  7  2  3 21 174   -8.28    0.03  -12.98  -378.00     0.00     0.00     8.47     100199.4
 1998  1  7  2  4 43 118   -7.44   -0.86  -13.88  -389.61     0.00     0.00     8.50     107717.1
 1998  1  7  2  5 25 605   -7.25   -1.63  -14.04  -407.14     0.00     0.00     8.01     114496.8
 1998  1  7  2  5 41 695   -7.39   -1.54  -14.05  -413.08     0.00     0.00     8.01     108435.4
 1998  1  7  2  8 19 249   -7.84   -1.04  -13.75  -400.12     0.00     0.00     8.28     104034.9
 1998  1  7  2  8 48 808   -8.36   -0.26  -13.31  -404.07     0.00     0.00     8.18     104958.4
 1998  1  7  2  9  0 627   -8.17   -0.31  -13.34  -410.50     0.00     0.00     8.63     107740.9
 1998  1  7  2 12 51 552   -8.20   -0.21  -13.11  -388.58     0.00     0.00     9.22      97564.7
 1998  1  7  2 16 39 589   -7.67   -0.54  -12.78  -369.21     0.00     0.00    10.52      97195.3
 1998  1  7  2 19 22 937   -7.57   -1.45  -13.67  -377.80     0.00     0.00     8.66      99270.3
 1998  1  7  2 21 57 131   -7.34   -0.85  -12.89  -380.79     0.00     0.00    10.17     101126.1
 1998  1  7  2 24 23 393   -7.27    0.78  -12.70  -384.76     0.00     0.00    11.64     100075.6
 1998  1  7  2 25 17 768   -7.49   -0.33  -12.71  -392.73     0.00     0.00     9.26      98082.5
 1998  1  7  2 26 40   8   -7.34    1.03  -12.28  -390.00     0.00     0.00    11.52      99241.9
 1998  1  7  2 28 11 908   -7.10    2.92  -11.35  -393.46     0.00     0.00    13.76      90439.6
 1998  1  7  2 30 14 487   -7.00    3.15  -11.52  -385.83     0.00     0.00    13.63      91001.6
 1998  1  7  2 32 32  73   -6.92    5.58  -10.46  -398.49     0.00     0.00    13.33      91045.5
 1998  1  7  2 35 30 865   -6.87    6.31  -10.43  -383.88     0.00     0.00    13.04      90571.6
 1998  1  7  2 36 34 675   -6.53    6.87  -10.32  -383.43     0.00     0.00    13.71      86748.7
 1998  1  7  2 38 27 957   -6.70    6.49  -11.33  -384.23     0.00     0.00    13.34      85559.4
 1998  1  7  2 38 50 560   -6.19    6.55  -11.11  -388.72     0.00     0.00    13.84      87888.1
 1998  1  7  2 42 36 369   -6.63    6.66  -11.81  -369.57     0.00     0.00    11.76      86754.3
 1998  1  7  2 43 42 204   -6.39    7.00  -11.58  -368.93     0.00     0.00    12.52      81591.2
 1998  1  7  2 44 29 416   -6.74    6.38  -11.58  -377.07     0.00     0.00    13.87      81974.4
 1998  1  7  2 48 47 260   -6.76    6.24  -11.53  -361.95     0.00     0.00    14.24      85493.3
 1998  1  7  2 50 40 821   -6.70    6.44  -11.80  -369.09     0.00     0.00    12.83      86177.9
 1998  1  7  2 51 58 313   -6.20    6.31  -11.93  -373.80     0.00     0.00    12.60      86020.6
 1998  1  7  2 52 14 192   -8.54    2.89  -11.90  -400.79     0.00     0.00    13.12      91555.4
 1998  1  7  2 57 27 393   -8.15    2.01  -12.22  -370.56     0.00     0.00    14.12      82661.7
 1998  1  7  2 59 57 166   -8.06    5.90  -12.14  -360.91     0.00     0.00     7.80      95057.5
 1998  1  7  3  6  9   6   -7.83    9.25  -11.90  -330.97     0.00     0.00     7.90      94969.1
 1998  1  7  3  7 34 448   -7.82    4.36  -13.02  -376.51     0.00     0.00    12.01      87329.1
 1998  1  7  3  9 15 229   -6.99    3.20  -12.94  -371.92     0.00     0.00    14.13      89856.0
 1998  1  7  3 10 33 444   -8.47    2.27  -11.92  -369.90     0.00     0.00    11.50      93721.2
 1998  1  7  3 11 23 907   -1.00   15.82   -4.64  -384.72     0.00     0.00     8.32      93038.9
 1998  1  7  3 12  8 637   -0.74   15.97   -5.46  -393.89     0.00     0.00     8.37      96507.9
 1998  1  7  3 13  4 640   -1.11   15.59   -5.78  -394.39     0.00     0.00     8.32      99605.8
 1998  1  7  3 16 18 765   -3.26   14.29   -7.24  -385.34     0.00     0.00     9.48      93877.8
 1998  1  7  3 17 53 114   -4.35   13.46   -8.54  -381.28     0.00     0.00     9.06      93018.3
 1998  1  7  3 19  6 606   -6.34    7.92  -12.45  -394.15     0.00     0.00    10.75      92903.2
 1998  1  7  3 19 23 858   -6.66   10.00  -10.83  -407.41     0.00     0.00     9.45      92492.8
 1998  1  7  3 21 31 637   -6.72   10.53  -10.76  -398.56     0.00     0.00     8.36      95848.6
 1998  1  7  3 22  5  60   -6.57    9.48  -11.54  -401.99     0.00     0.00     8.90     100174.7
 1998  1  7  3 24 47 637   -7.48    4.62  -12.69  -396.53     0.00     0.00    11.33      89806.6
 1998  1  7  3 27 35 422   -7.35    6.36  -11.77  -383.36     0.00     0.00    12.75      93743.4
 1998  1  7  3 29 14 105   -8.17   10.09  -11.60  -393.22     0.00     0.00     6.26      94388.7
 1998  1  7  3 31 26 803   -7.45    9.28  -12.28  -399.19     0.00     0.00     7.07      95515.7
 1998  1  7  3 32 32 500   -7.43    8.36  -12.66  -398.46     0.00     0.00     9.39      90225.9
 1998  1  7  3 32 56 589   -6.86    8.16  -13.46  -411.09     0.00     0.00     7.90      86673.4
 1998  1  7  3 33 19 674   -7.45    7.72  -13.43  -416.16     0.00     0.00     8.12      88291.7
 1998  1  7  3 35 50 275   -6.98    7.23  -13.95  -403.92     0.00     0.00     7.85      91537.9
 1998  1  7  3 38 52 542   -9.02    5.47  -13.27  -403.63     0.00     0.00     8.43      94821.5
 1998  1  7  3 41 13 918   -8.99    5.50  -12.69  -393.25     0.00     0.00    10.59      91985.9
 1998  1  7  3 42 26 747   -1.19   15.20   -5.49  -407.04     0.00     0.00    10.16      82166.7
 1998  1  7  3 45 37 430   -1.96   15.70   -4.02  -405.62     0.00     0.00     9.41      84656.2
 1998  1  7  3 48 24 560   -0.19   16.43   -2.24  -399.48     0.00     0.00     8.89      73332.8
 1998  1  7  3 51 14 972   -0.41   16.55   -2.88  -393.12     0.00     0.00     8.86      75403.4
 1998  1  7  3 52 32 490    0.05   16.37   -3.85  -398.47     0.00     0.00    10.12      73246.2
 1998  1  7  3 52 57 316    0.03   16.40   -4.06  -403.01     0.00     0.00     9.23      81372.9
 1998  1  7  3 53 58 452    0.08   16.41   -3.48  -402.86     0.00     0.00     9.60      69279.4
 1998  1  7  3 54 51 204    0.21   16.19   -3.29  -411.83     0.00     0.00     9.83      76720.4
 1998  1  7  3 58 17  24    0.16   16.08   -3.60  -392.87     0.00     0.00     9.75      74826.0
 1998  1  7  4  1 51 250    0.31   16.29   -2.24  -381.52     0.00     0.00     9.00      76604.6
 1998  1  7  4  3 34 246    0.81   16.24   -1.38  -383.52     0.00     0.00     8.80      77567.9
 1998  1  7  4  4 14 835    0.62   16.42   -1.15  -385.83     0.00     0.00     7.82      78250.3
 1998  1  7  4  6 37 247    1.39   16.35   -0.86  -383.17     0.00     0.00     8.56      74608.4
 1998  1  7  4  9 37 268    1.65   16.35   -0.77  -376.21     0.00     0.00     7.60      77720.5
 1998  1  7  4 10 30 140    1.27   16.36   -0.75  -377.03     0.00     0.00     7.80      78486.8
 1998  1  7  4 10 44 993    1.80   16.33   -0.77  -389.44     0.00     0.00     6.56      79084.9
 1998  1  7  4 12 54 819    1.66   16.28   -1.13  -381.11     0.00     0.00     7.55      77427.7
 1998  1  7  4 16  6 179    2.00   16.29   -0.40  -379.79     0.00     0.00     7.60      79304.9
 1998  1  7  4 17  1 134    2.02   16.22   -0.98  -380.37     0.00     0.00     7.85      74856.4
 1998  1  7  4 19 23 908    2.13   16.25   -1.48  -370.99     0.00     0.00     7.57      84532.2
 1998  1  7  4 21 48 783    2.47   16.24   -1.40  -368.26     0.00     0.00     6.79      76185.5
 1998  1  7  4 22  4  90    1.80   16.38   -0.69  -373.19     0.00     0.00     6.79      72546.8
 1998  1  7  4 24 48  25    2.05   16.30   -0.98  -375.00     0.00     0.00     7.27      68925.3
 1998  1  7  4 25 43 488    2.22   16.41   -0.88  -382.44     0.00     0.00     6.38      78201.0
 1998  1  7  4 26 14  13    2.59   16.30   -1.03  -393.26     0.00     0.00     6.90      78124.2
 1998  1  7  4 27 11 557    2.47   16.37   -0.92  -393.56     0.00     0.00     7.02      75038.6
 1998  1  7  4 29 46 294    2.45   16.36   -0.89  -382.11     0.00     0.00     8.01      70611.8
 1998  1  7  4 34 15 650    2.44   16.34   -0.89  -359.03     0.00     0.00     7.85      78047.3
 1998  1  7  4 37 24 618    1.74   16.66   -0.13  -358.10     0.00     0.00     7.11      69300.1
 1998  1  7  4 37 56 693    2.73   16.55   -1.26  -367.40     0.00     0.00     7.38      69150.0
 1998  1  7  4 38 12 783    2.66   16.55   -1.23  -372.23     0.00     0.00     6.83      74433.9
 1998  1  7  4 38 38 128    2.80   16.40   -1.05  -390.29     0.00     0.00     8.06      67520.1
 1998  1  7  4 42 44 646    2.34   16.51   -1.07  -382.31     0.00     0.00     7.32      67745.2
 1998  1  7  4 45 27 863    1.92   16.73   -0.23  -377.30     0.00     0.00     8.04      68850.3
 1998  1  7  4 46 45  86    1.94   16.69   -0.28  -389.44     0.00     0.00     9.84      65763.9
 1998  1  7  4 47 14 934    1.77   16.79   -0.67  -400.75     0.00     0.00     7.97      65781.9
 1998  1  7  4 47 22 576    1.79   16.79   -0.04  -407.62     0.00     0.00     7.36      70202.7
 1998  1  7  4 49 44 983    1.48   16.81    1.20  -396.91     0.00     0.00     7.22      68851.2
 1998  1  7  4 54  3 729    1.21   16.83    1.38  -380.09     0.00     0.00     7.62      74762.9
 1998  1  7  4 54 12 327    1.57   16.91   -0.10  -393.48     0.00     0.00     7.19      75192.8
 1998  1  7  4 57 20 882    1.71   16.88    0.51  -378.11     0.00     0.00     6.46      71449.4
 1998  1  7  4 57 43 936    1.69   16.75   -0.05  -389.59     0.00     0.00     7.93      69849.0
 1998  1  7  4 58 22 332    1.62   16.75    0.15  -392.24     0.00     0.00     8.01      70428.6
 1998  1  7  5  0 46 194    1.72   16.73   -0.16  -389.31     0.00     0.00     8.05      66753.5
 1998  1  7  5  0 47 217    1.61   16.74   -0.07  -404.37     0.00     0.00     8.04      68923.4
 1998  1  7  5  5 41 124    1.50   16.71    0.04  -375.80     0.00     0.00     9.57      62678.6
 1998  1  7  5 10  3 255    1.99   16.65   -0.81  -360.33     0.00     0.00     9.89      59963.0
 1998  1  7  5 10 12 959    1.94   16.65   -0.74  -372.22     0.00     0.00     9.76      58811.9
 1998  1  7  5 10 31  12    1.50   16.73   -1.46  -398.70     0.00     0.00     8.44      74374.0
 1998  1  7  5 13 17 445    1.73   16.55   -1.59  -385.55     0.00     0.00     8.15      73943.4
 1998  1  7  5 22  4 765    2.16   16.49   -1.45  -336.78     0.00     0.00     8.18      75238.6
 1998  1  7  5 22 23 474    3.14   16.40   -0.69  -371.06     0.00     0.00     8.49      71765.1
 1998  1  7  5 23 30 531    1.90   16.50   -1.93  -391.24     0.00     0.00     8.33      67955.8
 1998  1  7  5 27  3 212    2.55   16.44   -1.38  -380.16     0.00     0.00     9.65      63852.0
 1998  1  7  5 27 11 522    2.64   16.42   -1.37  -386.26     0.00     0.00     8.47      67927.9
 1998  1  7  5 31 16 130    2.41   16.49   -1.09  -365.33     0.00     0.00     8.95      71575.9
 1998  1  7  5 31 39 433    2.56   16.44   -1.70  -369.31     0.00     0.00     8.73      72414.2
 1998  1  7  5 34  6 368    2.70   16.26   -2.84  -379.80     0.00     0.00     8.81      69202.5
 1998  1  7  5 35 14 544    2.76   16.21   -3.09  -385.90     0.00     0.00     7.58      85256.9
 1998  1  7  5 37 21 866    3.14   15.99   -3.92  -385.03     0.00     0.00     8.34      70529.0
 1998  1  7  5 39 21 332    3.14   16.33   -3.25  -385.10     0.00     0.00     8.72      65696.6
 1998  1  7  5 39 28 761    3.22   16.28   -3.60  -391.47     0.00     0.00     7.19      66981.7
 1998  1  7  5 42 24 818    3.78   15.81   -5.02  -377.68     0.00     0.00     7.67      62717.7
 1998  1  7  5 44 52 715    3.68   16.14   -4.46  -388.54     0.00     0.00     6.68      55981.2
 1998  1  7  5 48 18 524    3.65   16.27   -4.43  -400.32     0.00     0.00     5.66      65036.1
 1998  1  7  5 51 59 531    3.36   16.59   -3.15  -380.60     0.00     0.00     7.37      67297.5
 1998  1  7  5 54  7 998    3.20   16.66   -2.87  -372.80     0.00     0.00     7.31      61013.2
 1998  1  7  5 57 16 515    2.80   16.92   -0.38  -392.99     0.00     0.00     7.64      63029.9
 1998  1  7  5 57 25 559    2.85   16.91   -0.59  -399.42     0.00     0.00     7.73      64043.2
 1998  1  7  6  0 42 437    2.80   16.93   -0.64  -382.61     0.00     0.00     7.09      71406.2
 1998  1  7  6  3  4 434    3.04   16.89   -0.94  -380.04     0.00     0.00     6.75      67897.7
 1998  1  7  6  4 17 449    3.39   16.76   -1.33  -392.88     0.00     0.00     6.38      62958.1
 1998  1  7  6 13 27  85    6.21   14.92   -6.12  -351.82     0.00     0.00     7.45      68098.3
 1998  1  7  6 15 20 788    4.80   16.67   -1.87  -385.18     0.00     0.00     8.47      65949.8
 1998  1  7  6 16 20 792    4.81   16.67   -1.79  -385.18     0.00     0.00     8.47      65949.8
 1998  1  7  6 18 17  47    4.93   16.61   -1.83  -385.63     0.00     0.00     8.01      76041.0
 1998  1  7  6 19 43  52    4.55   16.71   -1.27  -397.20     0.00     0.00     6.87      62833.0
 1998  1  7  6 20 33 315    4.53   16.71   -1.34  -406.24     0.00     0.00     8.12      66144.5
 1998  1  7  6 20 39  75    4.37   16.78   -0.99  -421.98     0.00     0.00     7.42      63693.5
 1998  1  7  6 22 34 773    4.23   16.83   -0.80  -414.16     0.00     0.00     7.65      68646.4
 1998  1  7  6 25 47 816    4.25   16.81   -0.94  -396.60     0.00     0.00     7.88      71511.6
 1998  1  7  6 26 13 346    4.18   16.84   -0.58  -401.00     0.00     0.00     7.68      62483.1
 1998  1  7  6 31 27 267    4.18   16.84   -0.49  -370.67     0.00     0.00     8.89      68882.0
 1998  1  7  6 33 20 388    3.93   16.84   -0.18  -407.97     0.00     0.00     6.84      64450.9
 1998  1  7  6 39 24 853    2.67   17.02    0.69  -377.70     0.00     0.00     7.77      60340.5
 1998  1  7  6 40 45 312    2.54   17.02    0.78  -389.47     0.00     0.00     7.44      60023.6
 1998  1  7  6 41 15 419    3.97   16.76   -0.66  -408.64     0.00     0.00     7.46      74930.6
 1998  1  7  6 45  4 543    3.80   16.79   -0.62  -387.14     0.00     0.00     8.36      67828.9
 1998  1  7  6 46 17 209    4.17   16.69   -0.82  -392.92     0.00     0.00     7.70      64739.2
 1998  1  7  6 46 46 318    4.20   16.68   -0.41  -396.80     0.00     0.00     8.35      66926.2
 1998  1  7  6 48  9 524    4.31   16.66   -0.53  -393.88     0.00     0.00     8.53      62515.0
 1998  1  7  6 52 33 834    4.82   16.45   -0.80  -383.65     0.00     0.00     8.29      65757.0
 1998  1  7  6 54 31  56    3.63   16.67    0.61  -398.74     0.00     0.00     9.67      61131.8
 1998  1  7  6 57 20 349    3.38   16.70    0.72  -385.25     0.00     0.00     8.95      66402.7
 1998  1  7  6 58 23 932    2.82   16.83    0.25  -399.65     0.00     0.00     8.64      62413.2
 1998  1  7  7  3 33 868    3.75   16.72    0.12  -376.68     0.00     0.00     7.84      63249.7
 1998  1  7  7  3 39 486    4.10   16.63    0.53  -390.19     0.00     0.00     8.35      74815.0
 1998  1  7  7  5 38 386    4.53   16.52    0.31  -383.11     0.00     0.00     8.20      63357.2
 1998  1  7  7  7 36 470    5.31   16.25    0.86  -383.34     0.00     0.00     7.30      62565.6
 1998  1  7  7  8 26 569    4.53   16.49    0.61  -384.51     0.00     0.00     8.48      70941.7
 1998  1  7  7  8 55 266    5.01   16.39    1.08  -395.68     0.00     0.00     8.78      65148.0
 1998  1  7  7  9 41 666    7.18   15.55    2.08  -397.40     0.00     0.00     7.72      66122.0
 1998  1  7  7 12 46 394    6.88   15.72    1.77  -382.17     0.00     0.00     7.42      68483.1
 1998  1  7  7 13 49 216    6.24   15.97    1.65  -389.01     0.00     0.00     7.54      69007.0
 1998  1  7  7 18 17 927    6.58   15.84    1.92  -385.55     0.00     0.00     6.67      66990.5
 1998  1  7  7 21 39 887    6.34   15.96    1.79  -369.31     0.00     0.00     6.70      67713.2
 1998  1  7  7 22 58 942    6.10   16.01    1.65  -373.85     0.00     0.00     6.68      66939.8
 1998  1  7  7 23 19 961    5.05   16.45    1.51  -392.60     0.00     0.00     5.44      68977.2
 1998  1  7  7 23 24 682    5.56   16.30    1.52  -399.57     0.00     0.00     6.00      65364.5
 1998  1  7  7 24 45 928    5.89   16.18    1.63  -404.60     0.00     0.00     6.34      77366.1
 1998  1  7  7 28 34 317    5.72   16.25    1.37  -383.60     0.00     0.00     5.82      67704.7
 1998  1  7  7 40 30 671    6.66   15.84    1.96  -324.04     0.00     0.00     6.97      67821.9
 1998  1  7  7 44 10 713    5.79   16.46    1.04  -393.76     0.00     0.00     5.25      61568.2
 1998  1  7  7 47 55  87    5.63   16.54    0.82  -374.29     0.00     0.00     6.38      63076.8
 1998  1  7  7 51  0 454    5.47   16.58    1.42  -380.55     0.00     0.00     5.69      55335.2
 1998  1  7  7 52  2 963    5.08   16.77    0.84  -380.26     0.00     0.00     5.35      60434.8
 1998  1  7  7 53 23 981    5.64   16.46    1.92  -392.12     0.00     0.00     7.50      61120.5
 1998  1  7  7 53 25 678    5.98   16.28    2.25  -399.46     0.00     0.00     7.02      59199.1
 1998  1  7  7 57 50  85    5.31   16.74    0.63  -396.35     0.00     0.00     6.87      54322.2
 1998  1  7  7 59 47 764    5.92   16.53    0.93  -404.38     0.00     0.00     5.35      62696.2
 1998  1  7  8  0 23 995    5.89   16.57    0.97  -415.69     0.00     0.00     5.68      91246.3
 1998  1  7  8  1 23 999    5.92   16.59    0.80  -415.69     0.00     0.00     5.68      78862.5
 1998  1  7  8  2 24   2    6.07   16.53    1.11  -415.69     0.00     0.00     5.68      66478.8
 1998  1  7  8  2 29 141    6.06   16.58    1.01  -441.48     0.00     0.00     5.02      63015.3
 1998  1  7  8  3  0 781    6.10   16.58    0.98  -445.97     0.00     0.00     4.85      68150.3
 1998  1  7  8  4 18   5    6.10   16.58    1.26  -443.23     0.00     0.00     5.50      65864.7
 1998  1  7  8  4 28 463    6.28   16.53    1.48  -451.19     0.00     0.00     5.40      55049.6
 1998  1  7  8 11 47 268    6.52   16.44    1.69  -404.45     0.00     0.00     6.10      62365.7
 1998  1  7  8 13 48 459    6.78   16.35    1.55  -404.29     0.00     0.00     4.79      80089.4
 1998  1  7  8 13 49 109    6.43   16.44    2.10  -429.31     0.00     0.00     5.45      59995.3
 1998  1  7  8 17 26 322    6.39   16.46    1.81  -415.38     0.00     0.00     5.96      59102.2
 1998  1  7  8 19 10 431    6.43   16.41    1.98  -409.35     0.00     0.00     5.30      60415.1
 1998  1  7  8 20 48 520    6.12   16.52    1.99  -404.29     0.00     0.00     7.02      59089.0
 1998  1  7  8 22 28  86    6.89   16.05    2.95  -406.99     0.00     0.00     6.73      56809.2
 1998  1  7  8 27 37   6    6.03   16.68    1.18  -390.53     0.00     0.00     7.32      61673.7
 1998  1  7  8 28  2 366    5.92   16.76    0.88  -394.82     0.00     0.00     8.45      57815.6
 1998  1  7  8 28 29 521    5.73   16.91    0.71  -414.94     0.00     0.00     6.26      64344.8
 1998  1  7  8 32 50 501    5.92   16.83    0.97  -388.89     0.00     0.00     7.21      54953.8
 1998  1  7  8 35 33 524    5.94   16.87    1.61  -398.47     0.00     0.00     5.67      52882.2
 1998  1  7  8 39 21 218    6.34   16.61    1.62  -400.05     0.00     0.00     6.95      54979.1
 1998  1  7  8 41 19 401    6.49   16.52    1.80  -392.71     0.00     0.00     9.76      58230.3
 1998  1  7  8 41 33 370    6.49   16.51    1.72  -398.49     0.00     0.00     7.75      70627.6
 1998  1  7  8 42  9 676    6.26   16.64    1.49  -401.54     0.00     0.00     8.60      55643.8
 1998  1  7  8 45  7 117    6.54   16.53    1.75  -394.24     0.00     0.00     8.35      58921.4
 1998  1  7  8 46 45 153    6.28   16.69    1.41  -404.75     0.00     0.00     7.65      57163.9
 1998  1  7  8 48 27 178    6.23   16.73    1.17  -399.29     0.00     0.00     9.97      61610.8
 1998  1  7  8 51 56 190    6.36   16.69    0.85  -381.07     0.00     0.00     8.02      55537.5
 1998  1  7  8 56 22 929    4.45   17.36   -0.74  -358.39     0.00     0.00     8.42      54225.6
 1998  1  7  8 58 25 673    4.17   17.42   -0.92  -352.03     0.00     0.00     7.94      62383.5
 1998  1  7  9  0 15 286    1.20   17.34   -3.11  -359.18     0.00     0.00     9.60      65817.0
 1998  1  7  9  0 51 807    3.38   17.27   -2.06  -374.70     0.00     0.00     8.98      65356.9
 1998  1  7  9  5 19 589    2.97   17.36   -2.15  -352.64     0.00     0.00     9.64      68037.8
 1998  1  7  9  5 54 181    3.04   17.40   -1.82  -355.20     0.00     0.00     8.41      68473.4
 1998  1  7  9  6 23  26    0.99   17.50   -2.94  -377.97     0.00     0.00     8.78      67627.3
 1998  1  7  9  6 36 700    1.42   17.46   -2.86  -383.37     0.00     0.00     8.93      62990.8
 1998  1  7  9  7 45 326    0.76   17.36   -3.59  -382.35     0.00     0.00     9.01      67696.6
 1998  1  7  9 11 10 363    2.12   17.40   -2.82  -372.62     0.00     0.00     9.48      67478.8
 1998  1  7  9 13  5 632    3.83   17.37   -1.55  -373.15     0.00     0.00     9.01      65852.2
 1998  1  7  9 15 13 918    3.81   17.35   -1.83  -365.66     0.00     0.00     9.13      67018.2
 1998  1  7  9 15 28 513    4.56   17.09   -1.03  -377.35     0.00     0.00     7.95      63588.9
 1998  1  7  9 19 42 356    4.23   16.78   -2.28  -375.77     0.00     0.00    10.45      64523.0
 1998  1  7  9 21 31 243    4.12   16.68   -3.12  -370.31     0.00     0.00    11.96      64596.6
 1998  1  7  9 24 36 164    3.32   16.69   -4.00  -363.29     0.00     0.00    12.42      66154.4
 1998  1  7  9 25  4 510    4.59   17.34   -0.97  -394.58     0.00     0.00     8.53      63996.1
 1998  1  7  9 29 35  47    5.01   17.18   -0.67  -369.89     0.00     0.00     9.43      61951.1
 1998  1  7  9 31  6 622    4.77   17.28   -1.39  -401.96     0.00     0.00    10.38      62396.9
 1998  1  7  9 32 59 821    5.34   17.23   -1.35  -410.82     0.00     0.00     8.66      60657.1
 1998  1  7  9 34 41 564    5.54   17.16   -0.97  -405.24     0.00     0.00     8.83      60971.7
 1998  1  7  9 37 16 223    5.78   17.11   -1.08  -393.13     0.00     0.00     9.34      60366.1
 1998  1  7  9 37 35 414    5.92   17.07   -0.96  -398.26     0.00     0.00     8.56      63904.3
 1998  1  7  9 37 41 638    6.34   16.92   -0.84  -405.23     0.00     0.00     9.48      62032.0
 1998  1  7  9 41 22 382    6.80   16.76   -0.85  -385.08     0.00     0.00     8.76      60550.5
 1998  1  7  9 43  2 800    7.48   16.46   -0.25  -380.33     0.00     0.00    10.42      55111.6
 1998  1  7  9 45 59 347    5.27   17.09   -1.66  -387.85     0.00     0.00     9.30      64430.7
 1998  1  7  9 47 51 834    5.48   16.99   -1.57  -381.61     0.00     0.00     9.78      64324.3
 1998  1  7  9 47 52 189    5.57   17.01   -1.09  -388.72     0.00     0.00     9.46      66317.1
 1998  1  7  9 51 42 602    6.58   16.59   -1.08  -375.76     0.00     0.00    10.12      65298.6
 1998  1  7  9 54 18 522    6.69   16.58   -0.91  -371.73     0.00     0.00    10.09      65789.0
 1998  1  7  9 55 42 822    2.56   17.46   -2.64  -397.33     0.00     0.00    10.60      67489.6
 1998  1  7  9 56 35 120    2.61   17.50   -2.85  -398.31     0.00     0.00    10.21      69470.6
 1998  1  7  9 57  4 792    2.81   17.57   -2.58  -402.21     0.00     0.00     9.73      67219.3
 1998  1  7  9 59 11 763    2.60   17.54   -3.03  -393.69     0.00     0.00    10.00      67206.7
 1998  1  7 10  1 31 935    2.50   17.55   -3.12  -383.96     0.00     0.00     9.77      71452.0
 1998  1  7 10  4 40 663    3.10   17.46   -2.68  -375.99     0.00     0.00    10.62      69683.2
 1998  1  7 10  4 53 392    3.15   17.38   -3.14  -396.00     0.00     0.00    11.87      62491.7
 1998  1  7 10  6 51 192    3.43   17.51   -2.67  -396.27     0.00     0.00    10.01      74690.6
 1998  1  7 10  9 29 368    3.66   17.47   -2.11  -399.05     0.00     0.00    10.03      71725.9
 1998  1  7 10  9 42 744    4.00   17.41   -1.90  -413.17     0.00     0.00     9.70      73084.0
 1998  1  7 10 11 57 991    3.17   17.45   -2.92  -403.10     0.00     0.00    10.92      72113.6
 1998  1  7 10 13  4 787    3.19   17.45   -2.87  -402.22     0.00     0.00     9.33      75576.3
 1998  1  7 10 14 30 371    3.36   17.50   -2.50  -406.74     0.00     0.00     9.90      71409.8
 1998  1  7 10 15 58 672    3.38   17.47   -2.74  -403.02     0.00     0.00    10.20      78349.7
 1998  1  7 10 16  6 167    3.28   17.52   -2.65  -409.99     0.00     0.00     9.99      79588.7
 1998  1  7 10 18 28  44    3.76   17.49   -2.22  -399.22     0.00     0.00     9.60      76164.9
 1998  1  7 10 19 42 606    3.97   17.61   -1.90  -397.37     0.00     0.00     9.04      76579.9
 1998  1  7 10 20 39 852    4.41   17.50   -2.14  -405.49     0.00     0.00     8.66      78595.8
 1998  1  7 10 21 12 173    4.55   17.46   -2.07  -409.18     0.00     0.00     9.50      81376.7
 1998  1  7 10 22  6 444    4.22   17.54   -1.84  -418.22     0.00     0.00     9.07      81576.5
 1998  1  7 10 26 35 328    4.31   17.50   -1.95  -390.79     0.00     0.00     9.71      80056.9
 1998  1  7 10 27 56 694    4.72   17.46   -1.63  -403.28     0.00     0.00     9.79      79157.1
 1998  1  7 10 30 21 401    4.70   17.44   -1.56  -392.51     0.00     0.00     9.59      80707.6
 1998  1  7 10 30 30 307    4.89   17.38   -1.92  -398.94     0.00     0.00     9.73      81974.7
 1998  1  7 10 32 27 820    3.08   17.70   -3.31  -399.26     0.00     0.00     8.37      84282.3
 1998  1  7 10 33 13 746    3.56   17.72   -2.75  -401.07     0.00     0.00     8.11      84700.3
 1998  1  7 10 34 41 607    3.93   17.74   -2.11  -397.50     0.00     0.00     8.49      86472.6
 1998  1  7 10 37 46 346    3.99   17.57   -3.03  -396.90     0.00     0.00     7.84      87292.3
 1998  1  7 10 41 44 748    4.39   17.33   -0.96  -375.54     0.00     0.00     9.58      82774.0
 1998  1  7 10 43 15 161    5.07   16.94   -1.50  -393.29     0.00     0.00     9.30      81361.3
 1998  1  7 10 45 46 225    4.96   16.97   -1.56  -389.47     0.00     0.00     9.56      84541.8
 1998  1  7 10 46 52 892    6.53   16.68   -0.08  -403.79     0.00     0.00     9.01      79284.6
 1998  1  7 10 50 41 386    6.02   17.01    0.13  -382.86     0.00     0.00     8.95      81918.7
 1998  1  7 10 52 57 699    8.83   15.52    1.86  -374.08     0.00     0.00     8.73      79643.5
 1998  1  7 10 55 37 460   11.19   14.29    2.76  -376.37     0.00     0.00     7.61      81633.3
 1998  1  7 11  0  7 527   11.36   14.19    2.93  -360.04     0.00     0.00     7.77      83794.5
 1998  1  7 11  0 33 834   10.56   14.64    3.72  -376.79     0.00     0.00     7.99      81009.0
 1998  1  7 11  1 27 366   11.26   14.00    3.41  -384.53     0.00     0.00     9.18      85154.1
 1998  1  7 11  4 30 332   11.06   14.04    3.56  -370.45     0.00     0.00     8.99      78429.1
 1998  1  7 11  7  3 647   11.42   13.51    3.97  -380.27     0.00     0.00     8.99      73388.6
 1998  1  7 11  8 17 535   11.39   13.61    3.91  -378.66     0.00     0.00     9.15      79230.2
 1998  1  7 11  9 34 637   11.59   13.65    4.15  -383.67     0.00     0.00     8.25      79084.4
 1998  1  7 11 17 10 574   11.70   13.55    4.13  -341.94     0.00     0.00     8.67      80127.5
 1998  1  7 11 18 17 975   11.16   14.06    4.51  -365.28     0.00     0.00     7.60      85187.9
 1998  1  7 11 18 38 567    7.45   16.23    3.83  -383.21     0.00     0.00     7.85      78609.0
 1998  1  7 11 19 26 734    9.35   14.79    4.51  -399.42     0.00     0.00     9.37      78434.7
 1998  1  7 11 21 10 591    9.30   14.84    4.46  -393.88     0.00     0.00     9.42      77738.4
 1998  1  7 11 24 31 683    9.11   14.88    4.62  -377.04     0.00     0.00     9.69      79419.3
 1998  1  7 11 25 16  66    9.25   14.78    4.72  -385.88     0.00     0.00     9.60      76761.4
 1998  1  7 11 25 29 104    9.62   14.41    4.61  -399.12     0.00     0.00    10.17      80716.0
 1998  1  7 11 30 32 757    9.51   13.81    4.69  -376.92     0.00     0.00    11.99      72731.3
 1998  1  7 11 32  4 566    9.64   13.79    5.73  -394.63     0.00     0.00    10.83      74328.3
 1998  1  7 11 33 13 180    9.12   14.53    4.48  -409.08     0.00     0.00    10.62      71881.2
 1998  1  7 11 33 48  66    9.05   14.39    4.63  -412.48     0.00     0.00    10.62      73307.9
 1998  1  7 11 33 51 387    9.01   14.33    4.99  -420.38     0.00     0.00    10.58      70009.5
 1998  1  7 11 36 53 729    9.23   14.03    5.33  -403.70     0.00     0.00    11.34      72122.7
 1998  1  7 11 38 46  52    9.23   14.17    5.49  -396.97     0.00     0.00     9.13      70981.4
 1998  1  7 11 41  7 897    9.71   13.97    5.75  -386.87     0.00     0.00     9.18      78215.5
 1998  1  7 11 44 27 749    9.48   14.69    5.03  -377.50     0.00     0.00     8.11      74935.0
 1998  1  7 11 47 17 736    9.97   14.41    5.77  -393.00     0.00     0.00     7.39      72645.4
 1998  1  7 11 49  5  35    9.52   14.74    5.75  -394.58     0.00     0.00     6.95      78331.8
 1998  1  7 11 49 28  40    9.64   14.66    5.80  -399.26     0.00     0.00     6.63      78362.6
 1998  1  7 11 49 57 488    9.62   14.73    5.93  -403.22     0.00     0.00     6.67      76254.6
 1998  1  7 11 51 26  85    9.60   14.67    6.19  -399.52     0.00     0.00     7.10      77262.6
 1998  1  7 11 52  3 535    9.76   14.58    6.34  -410.39     0.00     0.00     6.68      73359.5
 1998  1  7 11 57 25 367    9.75   14.47    6.30  -392.06     0.00     0.00     7.69      76181.2
 1998  1  7 11 58 16 889    9.83   14.39    6.43  -393.11     0.00     0.00     6.59      71058.0
 1998  1  7 11 59 20 750    9.90   14.20    6.62  -392.63     0.00     0.00     6.88      73024.7
 1998  1  7 12  0 18 398    9.89   14.08    6.87  -392.92     0.00     0.00     7.27      68570.2
 1998  1  7 12  1 10 277    9.77   14.19    6.63  -393.93     0.00     0.00     7.31      74260.1
 1998  1  7 12  3  9 976    9.20   14.86    6.01  -409.52     0.00     0.00     6.48      82524.6
 1998  1  7 12  3 19 960    9.26   14.62    6.27  -416.38     0.00     0.00     6.40      81087.2
 1998  1  7 12  5 45 271    9.34   14.44    6.49  -404.83     0.00     0.00     6.94      78674.1
 1998  1  7 12  7 20 161    9.67   14.05    6.81  -400.28     0.00     0.00     6.80      76262.7
 1998  1  7 12 10  7 591    9.78   13.88    6.99  -386.92     0.00     0.00     7.64      75571.5
 1998  1  7 12 13  8 371    9.64   14.05    6.91  -372.92     0.00     0.00     7.93      78662.9
 1998  1  7 12 14 23 847   10.01   13.64    6.84  -399.81     0.00     0.00     7.64      77818.4
 1998  1  7 12 16 40 700    9.92   13.56    6.90  -397.66     0.00     0.00     8.23      71337.8
 1998  1  7 12 18 56 487    9.70   13.25    6.63  -395.67     0.00     0.00    11.16      73430.4
 1998  1  7 12 18 59 950    9.55   12.98    6.80  -402.91     0.00     0.00    10.73      70581.6
 1998  1  7 12 20 53 717    9.57   12.73    7.00  -396.02     0.00     0.00    11.37      66270.6
 1998  1  7 12 24  3 936    9.42   12.67    6.66  -380.27     0.00     0.00    12.34      65563.2
 1998  1  7 12 26 25 312    9.49   12.02    6.90  -392.08     0.00     0.00    13.91      65834.4
 1998  1  7 12 28 13 146    9.47   12.63    6.64  -393.59     0.00     0.00    12.18      65975.5
 1998  1  7 12 29 10   6    9.64   12.49    6.89  -401.61     0.00     0.00    11.04      72619.5
 1998  1  7 12 31 41 116    9.56   12.59    6.72  -397.62     0.00     0.00    10.97      71251.6
 1998  1  7 12 32  3 685    9.96   12.39    6.59  -402.43     0.00     0.00    11.24      77087.7
 1998  1  7 12 32 14 353    9.61   12.66    6.67  -408.95     0.00     0.00    10.71      73408.0
 1998  1  7 12 34 29  51    9.16   12.77    6.83  -399.16     0.00     0.00    11.16      68926.0
 1998  1  7 12 34 34 350    9.59   12.33    6.78  -414.40     0.00     0.00    11.39      68691.7
 1998  1  7 12 36 12 942    9.56   12.50    6.81  -409.14     0.00     0.00    10.46      75365.4
 1998  1  7 12 38 13 248    9.68   13.12    7.02  -401.19     0.00     0.00     7.01      83070.2
 1998  1  7 12 43 12   5    9.68   13.13    7.05  -372.53     0.00     0.00     7.79      85001.2
 1998  1  7 12 46  2 597    9.39   13.36    6.98  -380.43     0.00     0.00     7.54      86723.2
 1998  1  7 12 46 10 224    8.82   14.09    6.25  -386.62     0.00     0.00     7.75      87140.8
 1998  1  7 12 50 58 658    9.47   13.13    7.44  -367.40     0.00     0.00     7.51      90584.1
 1998  1  7 12 57  6 769    9.71   12.97    8.31  -366.53     0.00     0.00     5.36      92553.0
 1998  1  7 13  0 17 358    8.34   14.11    7.48  -365.39     0.00     0.00     5.22      98130.1
 1998  1  7 13  1  8 113    9.55   13.20    7.98  -394.23     0.00     0.00     5.04     103939.6
 1998  1  7 13  4 11 169    9.92   12.67    8.25  -379.45     0.00     0.00     5.28     100458.6
 1998  1  7 13  8 37 672    9.97   12.73    8.42  -356.98     0.00     0.00     3.89     110071.2
 1998  1  7 13  9 12 111    9.54   13.42    8.34  -359.62     0.00     0.00     3.14     125150.4
 1998  1  7 13 10 33 240    9.77   13.04    8.69  -398.64     0.00     0.00     2.45     150681.0
 1998  1  7 13 13 48 449    9.70   13.11    8.68  -382.10     0.00     0.00     2.42     134093.6
 1998  1  7 13 20  4 558    9.58   13.04    8.89  -380.22     0.00     0.00     2.49     131486.5
 1998  1  7 13 20 46 819    9.68   12.95    8.89  -396.92     0.00     0.00     2.56     127407.8
 1998  1  7 13 25 34 656    9.79   12.76    9.04  -390.96     0.00     0.00     2.48     127504.4
 1998  1  7 13 30 32  48    9.76   12.63    9.33  -370.33     0.00     0.00     2.52     128719.2
 1998  1  7 13 34  2 105    9.72   12.62    9.39  -367.05     0.00     0.00     2.44     137818.8
 1998  1  7 13 35 33 181    9.61   12.48    9.50  -376.93     0.00     0.00     3.48     113188.1
 1998  1  7 13 38 49 445    9.59   12.42    8.87  -368.43     0.00     0.00     5.20     105871.8
 1998  1  7 13 39 40 978    9.41   12.54    9.07  -369.35     0.00     0.00     3.85     119742.2
 1998  1  7 13 41 14  64    9.31   12.60    9.13  -365.76     0.00     0.00     4.88     141798.0
 1998  1  7 13 41 27 704    9.67   11.94    9.36  -377.56     0.00     0.00     5.20     106989.1
 1998  1  7 13 44  8 943    9.87   12.46    9.29  -394.15     0.00     0.00     2.65     128333.1
 1998  1  7 13 53  7 954    9.65   12.20    9.73  -347.99     0.00     0.00     3.92     117104.4
 1998  1  7 13 54 23 584   10.41   11.49    9.86  -378.04     0.00     0.00     3.28     115777.0
 1998  1  7 13 58 40 799    9.52   12.05    9.75  -362.92     0.00     0.00     3.72     110120.5
 1998  1  7 13 59 32 116    9.15   11.85   10.24  -370.34     0.00     0.00     4.52     120233.6
 1998  1  7 14  0 53 797    9.81   11.69    9.99  -381.49     0.00     0.00     3.58     123327.2
 1998  1  7 14  4  6 110    9.77   12.24    9.00  -373.22     0.00     0.00     4.61     108974.3
 1998  1  7 14  5 34 260    9.87   11.88    9.41  -376.82     0.00     0.00     4.45     112398.0
 1998  1  7 14  9 10 157    9.72   11.83    9.90  -359.85     0.00     0.00     3.48     111841.5
 1998  1  7 14 14  2 365    9.60   11.94    9.86  -354.50     0.00     0.00     3.36     138668.5
 1998  1  7 14 16  7 105    9.82    8.69   11.60  -387.04     0.00     0.00     4.82     133366.4
 1998  1  7 14 17 29 173    9.71    9.28   11.43  -391.66     0.00     0.00     3.90     122849.8
 1998  1  7 14 23 28 547    9.35    9.35   11.71  -357.95     0.00     0.00     4.22     128454.2
 1998  1  7 14 30 54 961    9.41   10.64   11.05  -349.27     0.00     0.00     3.98     115315.1
 1998  1  7 14 32 57 858    9.65   10.31   11.36  -367.54     0.00     0.00     4.27     110185.4
 1998  1  7 14 33 50  78    9.78    9.89   11.57  -368.38     0.00     0.00     4.37     115730.9
 1998  1  7 14 34 55 874   10.33    9.15   11.58  -381.27     0.00     0.00     4.71     112457.2
 1998  1  7 14 41  7 185   10.11    9.42   11.43  -354.02     0.00     0.00     5.29     104171.0
 1998  1  7 14 41 51 148    9.23   10.64   11.05  -368.27     0.00     0.00     5.87      99361.3
 1998  1  7 14 42 57 869    9.29   10.49   11.08  -367.54     0.00     0.00     5.83      94345.8
 1998  1  7 14 43 40 331    9.58   10.30   10.99  -383.09     0.00     0.00     6.27      90246.8
 1998  1  7 14 45 10 265    9.97    9.75   11.06  -386.67     0.00     0.00     5.98      91442.1
 1998  1  7 14 45 24 388    9.95    9.67   11.13  -392.26     0.00     0.00     6.42      92575.2
 1998  1  7 14 48 28 102    9.86    9.85   11.11  -377.55     0.00     0.00     5.69      91246.8
 1998  1  7 14 50  1 482    9.55   10.15   11.26  -373.76     0.00     0.00     5.36      90925.6
 1998  1  7 14 50 49 168    9.63   10.21   11.27  -375.15     0.00     0.00     5.12     100761.8
 1998  1  7 14 53 48 505    9.33   10.56   11.27  -362.13     0.00     0.00     4.54      92078.7
 1998  1  7 14 54 38 425    9.15   10.59   11.28  -376.37     0.00     0.00     5.10      92105.6
 1998  1  7 14 58 35 248    9.02   10.59   11.41  -370.02     0.00     0.00     5.07      96260.7
 1998  1  7 15  1  6 990    9.02   10.46   11.55  -366.56     0.00     0.00     4.86      91515.8
 1998  1  7 15  8 26 179   10.15    9.57   11.34  -335.08     0.00     0.00     5.80      98849.4
 1998  1  7 15 10 42 387   10.02    9.43   11.50  -356.55     0.00     0.00     5.55      82553.5
 1998  1  7 15 11  7 796   10.46    8.96   11.34  -360.12     0.00     0.00     5.94      82924.1
 1998  1  7 15 11 46 949   11.85    7.39   11.10  -368.74     0.00     0.00     5.87      92048.2
 1998  1  7 15 14 54 661   12.27    7.05   10.92  -361.49     0.00     0.00     6.20      87190.5
 1998  1  7 15 19  3 609   11.20    8.01   11.27  -366.93     0.00     0.00     6.19      82397.6
 1998  1  7 15 20 50 193   11.08    7.91   11.28  -361.96     0.00     0.00     6.06      84412.3
 1998  1  7 15 21 47 517   10.92    8.00   11.35  -362.25     0.00     0.00     6.29      79610.5
 1998  1  7 15 22 32 641   10.85    8.14   11.36  -370.31     0.00     0.00     5.90      83369.8
 1998  1  7 15 23 15 166   10.74    8.23   11.50  -372.25     0.00     0.00     6.35      83565.7
 1998  1  7 15 24 53 547   11.21    8.13   10.70  -381.56     0.00     0.00     6.93      90159.4
 1998  1  7 15 27  7 171   10.83    8.37   10.87  -373.14     0.00     0.00     7.36      90128.4
 1998  1  7 15 27 38 699   10.98    8.29   11.01  -376.35     0.00     0.00     6.19      87547.2
 1998  1  7 15 29  5 432   10.92    7.90   11.64  -387.27     0.00     0.00     4.84      87162.5
 1998  1  7 15 30 14 991   10.98    8.12   11.42  -386.12     0.00     0.00     5.47      86396.8
 1998  1  7 15 34 29 800   10.89    8.19   11.33  -364.13     0.00     0.00     6.30      90326.8
 1998  1  7 15 37  1 395   10.83    8.31   11.22  -360.80     0.00     0.00     6.24      96815.2
 1998  1  7 15 37 24 652   10.89    8.37   11.17  -364.68     0.00     0.00     6.00      90547.3
 1998  1  7 15 40 28 690   10.75    8.06   11.59  -357.97     0.00     0.00     6.01      89585.9
 1998  1  7 15 41 31 202   10.58    7.44   12.09  -357.71     0.00     0.00     6.57      96418.1
 1998  1  7 15 42  8 992   10.42    7.01   12.41  -372.95     0.00     0.00     5.93      97930.1
 1998  1  7 15 46  1 704   10.77    7.44   11.95  -354.60     0.00     0.00     5.66      85072.3
 1998  1  7 15 51 34 406   10.08    6.63   12.57  -351.33     0.00     0.00     6.58      84808.2
 1998  1  7 15 54 57 191   10.63    6.79   12.14  -374.27     0.00     0.00     6.04      83926.7
 1998  1  7 15 58  6 541   10.75    6.52   12.11  -373.23     0.00     0.00     6.94      82356.4
 1998  1  7 15 58 24 105   10.33    5.77   12.34  -399.89     0.00     0.00     6.56      87672.9
 1998  1  7 15 58 59 277   10.32    6.01   12.28  -411.09     0.00     0.00     6.47      84490.7
 1998  1  7 15 59 42 685   10.24    6.31   12.36  -413.35     0.00     0.00     6.36      91329.9
 1998  1  7 16  1  4 466   10.16    6.33   12.32  -410.38     0.00     0.00     6.33      84018.7
 1998  1  7 16  4 42   5   10.08    5.84   12.37  -390.13     0.00     0.00     8.58      80979.6
 1998  1  7 16  6 46 837   10.14    5.93   12.44  -382.36     0.00     0.00     7.54      79486.9
 1998  1  7 16  8 28  87   10.47    4.91   12.61  -377.58     0.00     0.00     7.59      83071.9
 1998  1  7 16 12 36 927   10.20    5.85   12.79  -369.86     0.00     0.00     7.46      81133.5
 1998  1  7 16 13 31 654   10.23    5.64   12.65  -384.16     0.00     0.00     8.10      86704.7
 1998  1  7 16 15 19 660   10.33    5.36   12.78  -378.55     0.00     0.00     7.37      80583.4
 1998  1  7 16 16 23 164   10.01    5.88   12.68  -385.17     0.00     0.00     8.39      71540.8
 1998  1  7 16 17 23 168   10.08    5.82   12.67  -385.17     0.00     0.00     8.39      71540.8
 1998  1  7 16 21 12 798   10.23    5.15   12.88  -372.54     0.00     0.00     8.40      67493.0
 1998  1  7 16 22 17 198   10.21    5.16   12.93  -372.05     0.00     0.00     8.53      69779.0
 1998  1  7 16 24 39 110   10.22    5.34   12.97  -383.28     0.00     0.00     7.54      77658.9
 1998  1  7 16 34 34 793   10.04    5.68   13.00  -339.81     0.00     0.00     7.81      71424.6
 1998  1  7 16 35 30 500    9.94    5.06   13.21  -370.58     0.00     0.00     6.46      97859.9
 1998  1  7 16 36 43 805    9.83    5.07   13.49  -382.73     0.00     0.00     5.65      85961.7
 1998  1  7 16 40  4 536    9.92    4.94   13.49  -366.87     0.00     0.00     5.66      80151.5
 1998  1  7 16 40 28 228   10.07    4.78   13.43  -377.58     0.00     0.00     5.97      93399.7
 1998  1  7 16 43 20 320   10.22    4.76   13.31  -365.17     0.00     0.00     5.56      85860.9
 1998  1  7 16 43 23 819   10.52    4.34   13.23  -385.10     0.00     0.00     5.27      80856.5
 1998  1  7 16 48 38 880   10.57    4.18   13.26  -363.20     0.00     0.00     6.04      82039.6
 1998  1  7 16 50  6 855   10.74    3.28   13.26  -366.62     0.00     0.00     5.77      76925.0
 1998  1  7 16 51 49 188   10.54    3.40   12.93  -362.11     0.00     0.00     7.77      76467.2
 1998  1  7 16 52 30 710   10.46    3.88   13.04  -377.30     0.00     0.00     6.52      78820.2
 1998  1  7 16 55 30 984   10.88    3.16   13.03  -370.54     0.00     0.00     6.91      82331.6
 1998  1  7 16 59 57 237    9.95    4.64   13.16  -367.67     0.00     0.00     6.26      87366.9
 1998  1  7 17  1 45 540    7.50    7.72   12.78  -375.62     0.00     0.00     7.88      79540.2
 1998  1  7 17  3 53 658    6.57    8.14   12.98  -374.70     0.00     0.00     8.36      80277.7
 1998  1  7 17  5  7 634    6.02    8.73   12.88  -373.13     0.00     0.00     8.32      79449.2
 1998  1  7 17  5 12 618    5.36    9.01   13.11  -386.45     0.00     0.00     7.80      84022.0
 1998  1  7 17  6 29 369    4.80    9.69   12.84  -391.71     0.00     0.00     7.56      89075.1
 1998  1  7 17  9 45  84    5.01    9.52   13.04  -375.67     0.00     0.00     7.27      86825.1
 1998  1  7 17 10  1 566    5.48    9.69   12.79  -380.67     0.00     0.00     6.39      88447.8
 1998  1  7 17 13 20 372    5.61    8.98   13.02  -378.50     0.00     0.00     7.23      93009.4
 1998  1  7 17 16 20 428    5.68    8.97   12.91  -371.71     0.00     0.00     7.58      81114.1
 1998  1  7 17 18 26 754    6.95    9.89   11.78  -371.01     0.00     0.00     7.02      96254.4
 1998  1  7 17 20 36 527    5.26    7.77   14.03  -376.65     0.00     0.00     7.37     103530.3
 1998  1  7 17 21 36 536    5.55    7.91   13.56  -376.65     0.00     0.00     7.53      96925.0
 1998  1  7 17 22 50 880    7.48    7.18   13.11  -375.02     0.00     0.00     6.29     114930.9
 1998  1  7 17 30 33 678   10.00    4.69   12.64  -345.60     0.00     0.00     4.88     124212.2
 1998  1  7 17 34 31 882   10.34    3.28   12.36  -357.69     0.00     0.00     4.95     139816.8
 1998  1  7 17 34 53 332   10.65    3.16   12.16  -361.69     0.00     0.00     4.89     137863.9
 1998  1  7 17 39 21 736   10.72    2.80   12.12  -341.05     0.00     0.00     5.30     136469.8
 1998  1  7 17 41 54 267   10.61    1.39   12.70  -381.54     0.00     0.00     5.09     142460.8
 1998  1  7 17 42 31 681   10.69    0.93   12.67  -384.20     0.00     0.00     5.26     142815.5
 1998  1  7 17 44 43 316   10.47    1.68   12.60  -375.89     0.00     0.00     5.27     134590.3
 1998  1  7 17 46 11 559   10.08    1.70   12.89  -372.71     0.00     0.00     5.51     129712.9
 1998  1  7 17 51 24 812    9.77    1.32   13.22  -352.34     0.00     0.00     5.67     140340.7
 1998  1  7 17 53  5 799    9.99    1.88   12.82  -360.39     0.00     0.00     5.92     132947.5
 1998  1  7 17 54 29 119   10.17    1.76   12.74  -364.26     0.00     0.00     5.49     142931.0
 1998  1  7 17 57  8 913    9.77    1.23   13.08  -373.01     0.00     0.00     5.68     132309.5
 1998  1  7 17 58 34 383    9.55    0.77   13.24  -370.19     0.00     0.00     5.70     135116.9
 1998  1  7 18  3 56 104    9.59    0.71   13.24  -343.47     0.00     0.00     5.61     133305.3
 1998  1  7 18  7 31 773   10.07    1.22   12.84  -340.13     0.00     0.00     6.19     124474.9
 1998  1  7 18  8 41 388   10.47    1.37   12.44  -369.43     0.00     0.00     5.60     124585.7
 1998  1  7 18  9 18 181   10.60    1.55   12.35  -371.99     0.00     0.00     5.49     127665.1
 1998  1  7 18 11 37 291   10.57    1.73   12.43  -363.40     0.00     0.00     6.02     137044.8
 1998  1  7 18 11 43 135   10.43    1.86   12.53  -369.24     0.00     0.00     5.53     139259.9
 1998  1  7 18 13 30 485   10.20    1.54   12.73  -370.63     0.00     0.00     5.75     127052.8
 1998  1  7 18 13 32 681    9.93    2.04   13.01  -377.11     0.00     0.00     5.45     134430.9
 1998  1  7 18 13 37 151   10.27    1.64   12.76  -383.56     0.00     0.00     5.69     128504.9
 1998  1  7 18 15 12 631   10.85    0.99   12.46  -379.42     0.00     0.00     5.53     129938.6
 1998  1  7 18 17 14  88   10.81   -0.28   12.32  -379.25     0.00     0.00     5.85     123319.6
 1998  1  7 18 18 58 206   10.70   -0.28   12.38  -381.09     0.00     0.00     6.02     121606.9
 1998  1  7 18 24 23 872   10.55   -0.50   12.52  -358.53     0.00     0.00     6.06     124109.2
 1998  1  7 18 25 45  58   10.27   -0.41   12.82  -369.03     0.00     0.00     5.46     130352.6
 1998  1  7 18 28 46 495   10.19   -0.80   12.88  -356.21     0.00     0.00     5.77     127224.1
 1998  1  7 18 32 46  85    9.93   -1.56   12.88  -362.48     0.00     0.00     5.73     124889.1
 1998  1  7 18 36  5 595   10.14   -1.66   12.79  -360.43     0.00     0.00     5.08     134560.8
 1998  1  7 18 37 14 102   10.03   -1.95   12.64  -393.64     0.00     0.00     4.37     141115.7
 1998  1  7 18 38 37 185   10.19   -1.48   12.64  -390.79     0.00     0.00     4.28     146574.8
 1998  1  7 18 41 54 589   10.19   -1.57   12.61  -374.64     0.00     0.00     4.21     132758.4
 1998  1  7 18 47 46 263   10.12   -1.57   12.52  -344.42     0.00     0.00     4.91     145794.0
 1998  1  7 18 50 23 309   10.27   -2.18   12.71  -346.63     0.00     0.00     3.87     149617.9
 1998  1  7 18 54 26 920   10.16   -1.48   12.70  -352.15     0.00     0.00     4.15     152362.9
 1998  1  7 18 54 31 161    9.91   -0.80   12.86  -370.57     0.00     0.00     4.02     154660.1
 1998  1  7 18 55 10 118    9.93   -0.35   12.81  -372.90     0.00     0.00     3.89     159301.8
 1998  1  7 18 58  7 168   10.00   -0.57   12.76  -360.28     0.00     0.00     3.97     154157.0
 1998  1  7 19  0 18 453   10.31   -0.82   12.94  -365.43     0.00     0.00     3.07     141742.2
 1998  1  7 19  2 52 851   10.42   -1.07   12.94  -368.20     0.00     0.00     3.20     145007.0
 1998  1  7 19  3 34 869   10.66   -1.14   12.70  -383.86     0.00     0.00     3.21     156672.3
 1998  1  7 19  9 26 881   10.49   -1.51   12.55  -358.24     0.00     0.00     3.58     156064.8
 1998  1  7 19  9 29 266   10.64   -1.80   12.08  -384.52     0.00     0.00     3.71     153216.0
 1998  1  7 19 13  5 938   10.01   -1.99   12.62  -366.78     0.00     0.00     4.13     149552.2
 1998  1  7 19 13 34 756    8.95   -3.90   13.00  -391.11     0.00     0.00     3.55     167091.8
 1998  1  7 19 13 57 208    9.25   -3.64   12.87  -395.77     0.00     0.00     3.50     156547.0
 1998  1  7 19 16  5 130    9.57   -3.30   12.79  -387.41     0.00     0.00     3.28     162755.1
 1998  1  7 19 20 42  16    9.59   -2.91   12.93  -362.93     0.00     0.00     3.37     157751.8
 1998  1  7 19 26 11 125    9.25   -1.51   13.31  -359.88     0.00     0.00     3.45     150433.6
 1998  1  7 19 30 30 553    8.31    0.11   14.01  -351.81     0.00     0.00     3.52     158372.1
 1998  1  7 19 31 54 426    9.87   -3.33   12.41  -374.68     0.00     0.00     3.64     156210.4
 1998  1  7 19 34 51 810    9.95   -2.96   12.48  -368.32     0.00     0.00     3.23     163081.5
 1998  1  7 19 40 47 797    9.58   -2.88   12.81  -344.30     0.00     0.00     3.61     166458.8
 1998  1  7 19 44 55 600    9.62   -2.72   12.78  -332.55     0.00     0.00     3.68     160326.8
 1998  1  7 19 50  6 210    9.46   -2.73   12.82  -342.56     0.00     0.00     3.48     157936.2
 1998  1  7 19 57 19   7   10.80   -2.09   11.80  -310.71     0.00     0.00     3.44     153561.5
 1998  1  7 20  1  8 520    8.89   -3.23   13.14  -366.53     0.00     0.00     3.57     165577.8
 1998  1  7 20  5 12 552    8.94   -2.77   13.20  -366.09     0.00     0.00     3.86     162577.3
 1998  1  7 20  5 35 575    9.10   -3.03   13.05  -370.12     0.00     0.00     3.52     159603.5
 1998  1  7 20  7 22 799    8.43   -3.02   13.36  -371.53     0.00     0.00     3.60     169858.7
 1998  1  7 20  9  7 113    8.90   -3.06   12.96  -387.20     0.00     0.00     3.51     170868.8
 1998  1  7 20  9 28 960    8.96   -3.07   12.91  -391.85     0.00     0.00     3.37     167389.8
 1998  1  7 20 14 37 422    9.73   -3.32   12.31  -363.44     0.00     0.00     3.32     155705.0
 1998  1  7 20 15 58 432    9.06   -3.61   12.63  -381.12     0.00     0.00     3.47     161916.3
 1998  1  7 20 23 22 192    8.92   -3.11   12.72  -341.07     0.00     0.00     3.66     152461.5
 1998  1  7 20 23 55 802    8.67   -0.80   13.11  -349.34     0.00     0.00     4.41     153499.2
 1998  1  7 20 24 30 901    8.90   -1.94   12.97  -377.38     0.00     0.00     3.89     157081.4
 1998  1  7 20 27 58 244    8.88   -2.15   12.99  -361.25     0.00     0.00     3.73     159502.7
 1998  1  7 20 28 46 260    8.75   -2.36   13.06  -368.95     0.00     0.00     3.66     153586.3
 1998  1  7 20 32  1 849    8.53   -2.60   13.20  -360.88     0.00     0.00     3.93     157385.6
 1998  1  7 20 32 35 190    8.42   -2.63   13.23  -363.68     0.00     0.00     4.07     153897.9
 1998  1  7 20 35 41 195    8.47   -2.82   13.12  -350.78     0.00     0.00     4.04     154311.2
 1998  1  7 20 36  0 935    8.81   -3.27   12.75  -354.80     0.00     0.00     4.12     154210.9
 1998  1  7 20 36 39 339    9.26   -3.09   12.59  -363.25     0.00     0.00     3.79     150129.6
 1998  1  7 20 43 23 748    9.18   -3.77   12.40  -330.10     0.00     0.00     4.24     151813.9
 1998  1  7 22 13 52 211    8.14   -1.42   11.24  -514.35     0.00     0.00    30.11     419126.1
 1998  1  7 22 14 52 213   10.30    2.11   10.55  -514.35     0.00     0.00    30.11     416970.6
 1998  1  7 22 15 52 216   10.05    1.76   11.01  -514.35     0.00     0.00    30.11     414815.2
 1998  1  7 22 16 52 219    9.34    0.58   11.64  -514.35     0.00     0.00    30.11     412659.8
 1998  1  7 22 17 52 222    8.78   -0.07   12.09  -514.35     0.00     0.00    30.11     410504.3
 1998  1  7 22 18 52 225    8.70   -1.36   11.92  -514.35     0.00     0.00    30.11     408348.9
 1998  1  7 22 19 52 228    9.39    0.05   11.49  -514.35     0.00     0.00    30.11     406193.4
 1998  1  7 22 20 52 231    9.75   -2.86   10.84  -514.35     0.00     0.00    30.11     404038.0
 1998  1  7 22 21 52 234    9.39   -1.90   11.31  -514.35     0.00     0.00    30.11     401882.6
 1998  1  7 22 21 57 740    7.29   -0.66   12.93  -585.54     0.00     0.00     6.52     134857.3
 1998  1  7 22 40 29 856    7.26   -1.51   12.89  -391.81     0.00     0.00     6.01     132216.6
 1998  1  7 22 43 32  12    6.28   -3.17   13.05  -377.31     0.00     0.00     6.13     144333.0
 1998  1  7 22 44 47 623    5.91   -3.53   13.25  -375.54     0.00     0.00     5.85     136221.8
 1998  1  7 22 45 36 575    6.24   -3.08   13.22  -376.79     0.00     0.00     5.52     142607.4
 1998  1  7 22 52 38 166    7.38   -2.71   12.79  -339.65     0.00     0.00     5.50     145343.3
 1998  1  7 22 57 53 474    5.75   -4.01   13.27  -338.24     0.00     0.00     5.22     138102.2
 1998  1  7 23  3 43 501    6.39   -5.87   12.28  -344.79     0.00     0.00     5.41     140059.6
 1998  1  7 23  4 57 776    9.98   -4.31   10.40  -355.19     0.00     0.00     5.02     131186.1
 1998  1  7 23  6 48 246    9.20   -4.47   10.98  -356.15     0.00     0.00     5.32     137998.6
 1998  1  7 23 10  5 579    8.98   -5.62   10.63  -354.40     0.00     0.00     4.89     137935.8
 1998  1  7 23 14 28 203    8.76   -6.19   10.50  -335.09     0.00     0.00     4.82     137842.5
 1998  1  7 23 14 56 210    8.32   -6.57   10.56  -338.00     0.00     0.00     5.03     126366.8
 1998  1  7 23 16  8 863    8.47   -6.40   10.54  -336.84     0.00     0.00     5.18     126289.2
 1998  1  7 23 18 14 388   10.89   -7.15    7.24  -330.98     0.00     0.00     5.08     142341.2
 1998  1  7 23 21  3 962   11.59   -7.31    6.11  -331.90     0.00     0.00     5.05     144657.8
 1998  1  7 23 24  2  66   10.68   -7.29    7.46  -321.77     0.00     0.00     5.03     144706.6
 1998  1  7 23 24 45 642   11.68   -4.53    8.05  -338.97     0.00     0.00     4.79     134688.4
 1998  1  7 23 26 10 972   10.12   -7.08    8.09  -347.93     0.00     0.00     5.30     133884.2
 1998  1  7 23 28 17 154   10.16   -7.18    8.13  -347.34     0.00     0.00     5.06     137033.8
 1998  1  7 23 30 17 813   10.06   -7.20    8.23  -341.56     0.00     0.00     5.08     139673.2
 1998  1  7 23 36 44 561    9.58   -6.64    9.26  -318.29     0.00     0.00     4.83     135619.3
 1998  1  7 23 38 48 710    9.21   -6.07    9.96  -322.89     0.00     0.00     5.13     139152.4
 1998  1  7 23 41 11 648    9.27   -5.03   10.43  -336.60     0.00     0.00     5.23     128731.2
 1998  1  7 23 41 19 107    8.44   -4.99   11.11  -347.15     0.00     0.00     5.31     134135.8
 1998  1  7 23 44 58 276   10.12   -7.09    8.42  -349.18     0.00     0.00     4.81     135198.8
 1998  1  7 23 47 53 361    9.84   -7.61    8.25  -343.87     0.00     0.00     5.41     134266.3
 1998  1  7 23 54 47 659    9.98   -6.88    8.75  -318.04     0.00     0.00     5.32     133462.5
 1998  1  7 23 55 42 232   11.18   -7.40    6.32  -344.93     0.00     0.00     5.23     130096.5
 1998  1  7 23 58 16 125   10.88   -7.07    7.28  -347.45     0.00     0.00     5.31     133184.5
 1998  1  7 23 58 39 257   10.83   -6.92    7.48  -351.06     0.00     0.00     5.05     137053.0
 1998  1  8  0  1 56 896   10.50   -7.32    7.65  -343.54     0.00     0.00     5.38     130571.6
 1998  1  8  0  3 37 193   10.54   -7.11    7.75  -339.77     0.00     0.00     5.17     128832.3
 1998  1  8  0  6 37 222   10.34   -6.56    8.62  -339.77     0.00     0.00     4.87     137050.9
 1998  1  8  0  8 44 651    7.42   -5.23   11.87  -344.71     0.00     0.00     4.78     132351.0
 1998  1  8  0 11 49 350    4.99   -3.22   13.67  -338.65     0.00     0.00     5.21     124800.2
 1998  1  8  0 16 10 936    5.26   -4.17   13.35  -336.68     0.00     0.00     5.22     120244.2
 1998  1  8  0 16 51 961    5.38   -4.40   13.09  -349.81     0.00     0.00     5.24     125275.4
 1998  1  8  0 20 39  45    6.07   -6.46   11.81  -345.25     0.00     0.00     4.74     127556.5
 1998  1  8  0 24  9 987    6.13   -6.20   11.90  -336.76     0.00     0.00     4.98     128230.2
 1998  1  8  0 28  5 298    6.23   -2.69   13.09  -326.59     0.00     0.00     4.97     126159.3
 1998  1  8  0 31 59 295    6.30   -4.20   12.25  -337.74     0.00     0.00     5.26     136892.9
 1998  1  8  0 34 22 139    6.21   -7.80   10.36  -335.67     0.00     0.00     5.68     121614.6
 1998  1  8  0 35  0 966    6.11   -5.99   11.68  -354.90     0.00     0.00     5.09     129699.3
 1998  1  8  0 36 29 586    6.20   -2.73   12.84  -358.10     0.00     0.00     4.91     118677.9
 1998  1  8  0 36 32 734    6.73   -3.99   12.18  -364.05     0.00     0.00     5.22     123236.7
 1998  1  8  0 37 48 368    6.99   -3.51   12.28  -362.40     0.00     0.00     5.18     123159.8
 1998  1  8  0 38 59  15    7.28   -3.78   11.99  -361.28     0.00     0.00     5.13     121137.8
 1998  1  8  0 39 17 570    8.78   -5.86    9.99  -372.23     0.00     0.00     4.77     116899.6
 1998  1  8  0 41 39  22    8.64   -6.15   10.12  -363.39     0.00     0.00     4.81     131416.8
 1998  1  8  0 42 32 913    8.87   -6.21   10.02  -364.03     0.00     0.00     4.44     125058.9
 1998  1  8  0 45 21 558    9.13   -5.87    9.74  -352.84     0.00     0.00     4.82     130162.2
 1998  1  8  0 45 59 215    8.64   -5.93   10.04  -355.08     0.00     0.00     4.65     123327.7
 1998  1  8  0 53 30 341    8.11   -6.95    9.77  -319.48     0.00     0.00     5.33     133797.9
 1998  1  8  0 57 13 475    7.73   -7.96    9.52  -325.90     0.00     0.00     5.16     106990.9
 1998  1  8  0 57 40 756    7.32   -7.64    9.86  -328.71     0.00     0.00     5.45     107969.5
